3.382 6.31 -0.22
3.379 6.31 -0.22
3.377 6.32 -0.22
3.374 6.32 -0.22
3.368 6.33 -0.22
3.364 6.34 -0.22
3.362 6.35 -0.22
3.359 6.35 -0.22
3.354 6.36 -0.22
3.347 6.38 -0.22
3.341 6.4 -0.22
3.338 6.4 -0.22
3.331 6.41 -0.22
3.324 6.42 -0.22
3.32 6.44 -0.22
3.318 6.45 -0.22
3.309 6.46 -0.22
3.298 6.48 -0.22
3.289 6.49 -0.22
3.283 6.51 -0.22
3.276 6.52 -0.22
3.27 6.53 -0.22
3.265 6.54 -0.22
3.26 6.56 -0.22
3.253 6.58 -0.22
3.245 6.59 -0.22
3.238 6.6 -0.22
3.234 6.61 -0.22
3.231 6.62 -0.22
3.227 6.63 -0.22
3.22 6.64 -0.22
3.215 6.66 -0.22
3.211 6.67 -0.22
3.205 6.68 -0.22
3.196 6.7 -0.22
3.192 6.71 -0.22
3.189 6.72 -0.22
3.187 6.72 -0.22
3.184 6.73 -0.22
3.179 6.73 -0.22
3.175 6.74 -0.22
3.172 6.76 -0.22
3.169 6.77 -0.22
3.167 6.77 -0.22
3.164 6.78 -0.22
3.16 6.78 -0.22
3.157 6.79 -0.22
3.156 6.79 -0.22
3.155 6.79 -0.22
3.155 6.8 -0.22
3.155 6.8 -0.22
3.155 6.8 -0.22
3.152 6.81 -0.22
3.148 6.82 -0.22
3.144 6.82 -0.22
3.14 6.83 -0.22
3.136 6.84 -0.22
3.132 6.84 -0.22
3.127 6.85 -0.22
3.123 6.86 -0.22
3.119 6.88 -0.22
3.112 6.89 -0.22
3.105 6.9 -0.22
3.1 6.93 -0.22
3.095 6.93 -0.22
3.091 6.94 -0.22
3.087 6.96 -0.22
3.082 6.97 -0.22
3.077 6.99 -0.22
3.073 6.99 -0.22
3.069 7.01 -0.22
3.065 7.02 -0.22
3.059 7.03 -0.22
3.052 7.05 -0.22
3.048 7.06 -0.22
3.045 7.08 -0.22
3.042 7.08 -0.22
3.036 7.09 -0.22
3.03 7.1 -0.22
3.026 7.11 -0.22
3.021 7.12 -0.22
3.01 7.15 -0.22
3.001 7.16 -0.22
2.996 7.18 -0.22
2.993 7.18 -0.22
2.989 7.19 -0.22
2.984 7.2 -0.22
2.983 7.21 -0.22
2.98 7.21 -0.22
2.977 7.23 -0.22
2.977 7.23 -0.22
2.977 7.22 -0.22
2.976 7.22 -0.22
2.973 7.24 -0.22
2.968 7.24 -0.22
2.964 7.26 -0.22
2.962 7.27 -0.22
2.96 7.27 -0.22
2.957 7.28 -0.22
2.954 7.28 -0.22
2.951 7.29 -0.22
2.948 7.3 -0.22
2.945 7.3 -0.22
2.941 7.31 -0.22
2.937 7.32 -0.22
2.932 7.34 -0.22
2.927 7.34 -0.22
2.921 7.36 -0.22
2.916 7.38 -0.22
2.909 7.4 -0.22
2.904 7.41 -0.22
2.9 7.42 -0.22
2.896 7.44 -0.22
2.893 7.44 -0.22
2.89 7.45 -0.22
2.886 7.46 -0.22
2.882 7.47 -0.22
2.878 7.49 -0.22
2.873 7.5 -0.22
2.868 7.53 -0.22
2.864 7.53 -0.22
2.861 7.54 -0.22
2.857 7.55 -0.22
2.85 7.57 -0.22
2.843 7.59 -0.22
2.838 7.59 -0.22
2.836 7.6 -0.22
2.835 7.6 -0.22
2.834 7.61 -0.22
2.829 7.62 -0.22
2.823 7.64 -0.22
2.816 7.65 -0.22
2.809 7.68 -0.22
2.803 7.69 -0.22
2.8 7.7 -0.22
2.797 7.71 -0.22
2.794 7.72 -0.22
2.79 7.73 -0.22
2.787 7.74 -0.22
2.785 7.74 -0.22
2.782 7.75 -0.22
2.777 7.76 -0.22
2.773 7.77 -0.22
2.768 7.8 -0.22
2.761 7.8 -0.22
2.757 7.82 -0.22
2.756 7.83 -0.22
2.757 7.83 -0.22
2.757 7.83 -0.22
2.758 7.83 -0.22
2.758 7.83 -0.22
2.759 7.84 -0.22
2.755 7.85 -0.22
2.75 7.86 -0.22
2.746 7.87 -0.22
2.743 7.88 -0.22
2.739 7.89 -0.22
2.736 7.9 -0.22
2.734 7.91 -0.22
2.73 7.91 -0.22
2.726 7.93 -0.22
2.723 7.95 -0.22
2.718 7.95 -0.22
2.713 7.97 -0.22
2.709 7.97 -0.22
2.706 7.99 -0.22
2.702 7.99 -0.22
2.699 8 -0.22
2.694 8.01 -0.22
2.688 8.03 -0.22
2.683 8.05 -0.22
2.675 8.06 -0.22
2.669 8.08 -0.22
2.666 8.09 -0.22
2.662 8.1 -0.22
2.658 8.11 -0.22
2.653 8.13 -0.22
2.65 8.15 -0.22
2.65 8.15 -0.22
2.649 8.15 -0.22
2.644 8.16 -0.22
2.638 8.19 -0.22
2.635 8.2 -0.22
2.632 8.2 -0.22
2.629 8.21 -0.22
2.627 8.21 -0.22
2.624 8.23 -0.22
2.621 8.23 -0.22
2.62 8.24 -0.22
2.618 8.25 -0.22
2.615 8.26 -0.22
2.611 8.27 -0.22
2.609 8.28 -0.22
2.608 8.28 -0.22
2.605 8.3 -0.22
2.603 8.31 -0.22
2.603 8.31 -0.22
2.602 8.31 -0.22
2.599 8.32 -0.22
2.598 8.32 -0.22
2.599 8.33 -0.23
2.599 8.34 -0.22
2.597 8.33 -0.23
2.593 8.35 -0.23
2.591 8.36 -0.23
2.591 8.36 -0.23
2.591 8.36 -0.23
2.586 8.38 -0.23
2.585 8.37 -0.23
2.585 8.39 -0.23
2.584 8.39 -0.23
2.582 8.4 -0.23
2.579 8.4 -0.23
2.575 8.41 -0.23
2.573 8.42 -0.23
2.572 8.42 -0.23
2.569 8.42 -0.23
2.566 8.44 -0.23
2.563 8.45 -0.23
2.561 8.45 -0.23
2.556 8.47 -0.23
2.547 8.5 -0.23
2.542 8.51 -0.23
2.539 8.51 -0.23
2.535 8.54 -0.23
2.53 8.55 -0.23
2.529 8.56 -0.23
2.528 8.56 -0.23
2.522 8.58 -0.23
2.516 8.6 -0.23
2.513 8.61 -0.23
2.513 8.61 -0.23
2.514 8.61 -0.23
2.513 8.61 -0.23
2.51 8.62 -0.23
2.507 8.64 -0.23
2.505 8.64 -0.23
2.504 8.65 -0.23
2.504 8.65 -0.23
2.504 8.65 -0.23
2.504 8.65 -0.23
2.504 8.66 -0.23
2.504 8.66 -0.23
2.502 8.66 -0.23
2.501 8.67 -0.23
2.499 8.67 -0.23
2.495 8.69 -0.23
2.494 8.69 -0.23
2.492 8.7 -0.23
2.488 8.71 -0.23
2.485 8.72 -0.23
2.483 8.73 -0.23
2.481 8.73 -0.23
2.481 8.73 -0.23
2.482 8.73 -0.23
2.482 8.73 -0.23
2.482 8.74 -0.23
2.48 8.75 -0.23
2.476 8.76 -0.23
2.474 8.76 -0.23
2.468 8.78 -0.23
2.46 8.81 -0.23
2.457 8.82 -0.23
2.453 8.83 -0.23
2.45 8.85 -0.23
2.447 8.86 -0.23
2.444 8.86 -0.23
2.441 8.88 -0.23
2.438 8.89 -0.23
2.437 8.9 -0.23
2.437 8.9 -0.23
2.434 8.91 -0.23
2.432 8.91 -0.23
2.431 8.92 -0.23
2.429 8.92 -0.23
2.427 8.93 -0.23
2.423 8.95 -0.23
2.421 8.96 -0.23
2.418 8.97 -0.23
2.414 8.98 -0.23
2.411 9 -0.23
2.409 9.01 -0.23
2.405 9.02 -0.23
2.401 9.04 -0.23
2.398 9.05 -0.23
2.397 9.05 -0.23
2.395 9.06 -0.23
2.392 9.07 -0.23
2.39 9.09 -0.23
2.387 9.09 -0.23
2.385 9.1 -0.23
2.383 9.11 -0.23
2.38 9.12 -0.23
2.377 9.13 -0.23
2.374 9.15 -0.23
2.372 9.15 -0.23
2.37 9.15 -0.23
2.368 9.16 -0.23
2.363 9.18 -0.23
2.36 9.2 -0.23
2.358 9.2 -0.23
2.357 9.21 -0.23
2.356 9.22 -0.23
2.354 9.22 -0.23
2.352 9.23 -0.23
2.35 9.24 -0.23
2.348 9.24 -0.23
2.347 9.26 -0.23
2.347 9.26 -0.23
2.345 9.27 -0.23
2.341 9.28 -0.23
2.338 9.29 -0.23
2.335 9.31 -0.23
2.334 9.31 -0.23
2.332 9.32 -0.23
2.33 9.32 -0.23
2.327 9.34 -0.23
2.323 9.35 -0.23
2.32 9.37 -0.24
2.316 9.38 -0.24
2.313 9.4 -0.24
2.309 9.41 -0.24
2.306 9.42 -0.24
2.305 9.42 -0.24
2.303 9.43 -0.24
2.3 9.44 -0.24
2.298 9.46 -0.24
2.297 9.46 -0.24
2.296 9.47 -0.24
2.294 9.48 -0.24
2.292 9.48 -0.24
2.29 9.49 -0.24
2.288 9.5 -0.24
2.284 9.52 -0.24
2.282 9.52 -0.24
2.28 9.54 -0.24
2.279 9.55 -0.24
2.277 9.54 -0.24
2.275 9.55 -0.24
2.273 9.57 -0.24
2.272 9.58 -0.24
2.27 9.58 -0.24
2.268 9.59 -0.24
2.267 9.59 -0.24
2.266 9.6 -0.24
2.265 9.6 -0.24
2.264 9.62 -0.24
2.261 9.63 -0.24
2.259 9.64 -0.24
2.257 9.64 -0.24
2.255 9.66 -0.24
2.253 9.67 -0.24
2.25 9.67 -0.24
2.248 9.68 -0.24
2.246 9.69 -0.24
2.244 9.7 -0.24
2.242 9.71 -0.24
2.239 9.72 -0.24
2.237 9.74 -0.24
2.235 9.75 -0.24
2.232 9.76 -0.24
2.229 9.77 -0.24
2.225 9.79 -0.24
2.22 9.8 -0.24
2.218 9.82 -0.24
2.216 9.82 -0.24
2.213 9.84 -0.24
2.21 9.85 -0.24
2.208 9.86 -0.24
2.206 9.87 -0.24
2.205 9.88 -0.24
2.204 9.89 -0.24
2.202 9.9 -0.24
2.2 9.91 -0.24
2.199 9.91 -0.24
2.197 9.93 -0.24
2.195 9.94 -0.24
2.194 9.94 -0.24
2.193 9.94 -0.24
2.193 9.94 -0.24
2.19 9.95 -0.24
2.185 9.98 -0.24
2.179 10 -0.24
2.175 10 -0.24
2.172 10.02 -0.24
2.17 10.04 -0.24
2.168 10.05 -0.24
2.166 10.06 -0.24
2.164 10.07 -0.24
2.162 10.07 -0.24
2.16 10.08 -0.24
2.159 10.09 -0.24
2.157 10.1 -0.24
2.155 10.1 -0.24
2.153 10.12 -0.24
2.15 10.14 -0.24
2.148 10.15 -0.24
2.146 10.16 -0.24
2.143 10.16 -0.24
2.141 10.17 -0.24
2.139 10.18 -0.24
2.138 10.2 -0.24
2.136 10.2 -0.24
2.133 10.22 -0.24
2.131 10.22 -0.24
2.13 10.24 -0.24
2.13 10.24 -0.24
2.127 10.25 -0.24
2.125 10.26 -0.24
2.124 10.26 -0.24
2.122 10.28 -0.24
2.119 10.29 -0.24
2.117 10.31 -0.24
2.115 10.32 -0.24
2.114 10.33 -0.24
2.112 10.34 -0.24
2.11 10.35 -0.24
2.108 10.35 -0.24
2.105 10.37 -0.24
2.103 10.37 -0.24
2.1 10.39 -0.24
2.097 10.4 -0.24
2.094 10.4 -0.24
2.091 10.43 -0.24
2.089 10.44 -0.24
2.087 10.45 -0.24
2.083 10.47 -0.24
2.08 10.49 -0.24
2.078 10.49 -0.24
2.075 10.5 -0.24
2.073 10.51 -0.24
2.07 10.52 -0.24
2.068 10.54 -0.24
2.065 10.54 -0.24
2.064 10.55 -0.24
2.062 10.57 -0.24
2.06 10.58 -0.24
2.059 10.58 -0.24
2.057 10.59 -0.24
2.057 10.59 -0.24
2.056 10.59 -0.24
2.055 10.6 -0.24
2.054 10.61 -0.24
2.053 10.62 -0.24
2.05 10.64 -0.24
2.049 10.64 -0.24
2.048 10.64 -0.24
2.047 10.65 -0.24
2.046 10.65 -0.24
2.045 10.66 -0.24
2.043 10.68 -0.24
2.043 10.68 -0.24
2.042 10.68 -0.24
2.042 10.69 -0.24
2.041 10.69 -0.24
2.04 10.7 -0.24
2.04 10.7 -0.24
2.039 10.7 -0.24
2.039 10.71 -0.25
2.038 10.72 -0.24
2.037 10.72 -0.24
2.037 10.73 -0.24
2.036 10.74 -0.24
2.034 10.74 -0.24
2.032 10.74 -0.25
2.031 10.75 -0.25
2.03 10.76 -0.24
2.029 10.77 -0.25
2.028 10.78 -0.25
2.027 10.79 -0.25
2.026 10.79 -0.25
2.025 10.79 -0.25
2.023 10.8 -0.25
2.022 10.8 -0.25
2.02 10.81 -0.25
2.019 10.83 -0.25
2.018 10.84 -0.25
2.017 10.85 -0.25
2.015 10.85 -0.25
2.012 10.85 -0.25
2.01 10.86 -0.25
2.008 10.88 -0.25
2.007 10.89 -0.25
2.006 10.89 -0.25
2.003 10.9 -0.25
2 10.93 -0.25
1.998 10.94 -0.25
1.995 10.95 -0.25
1.994 10.96 -0.25
1.992 10.97 -0.25
1.99 10.98 -0.25
1.988 10.99 -0.25
1.986 11 -0.25
1.984 11.01 -0.25
1.982 11.03 -0.25
1.98 11.03 -0.25
1.979 11.04 -0.25
1.978 11.05 -0.25
1.977 11.05 -0.25
1.976 11.06 -0.25
1.975 11.06 -0.25
1.975 11.06 -0.25
1.974 11.08 -0.25
1.973 11.08 -0.25
1.972 11.08 -0.25
1.972 11.09 -0.25
1.972 11.1 -0.25
1.971 11.1 -0.25
1.969 11.11 -0.25
1.967 11.11 -0.25
1.965 11.13 -0.25
1.964 11.14 -0.25
1.963 11.15 -0.25
1.962 11.15 -0.25
1.961 11.16 -0.25
1.958 11.17 -0.25
1.956 11.19 -0.25
1.953 11.2 -0.25
1.951 11.21 -0.25
1.949 11.23 -0.25
1.947 11.24 -0.25
1.946 11.25 -0.25
1.945 11.25 -0.25
1.943 11.25 -0.25
1.942 11.26 -0.25
1.941 11.28 -0.25
1.939 11.29 -0.25
1.938 11.29 -0.25
1.937 11.3 -0.25
1.936 11.31 -0.25
1.934 11.31 -0.25
1.933 11.32 -0.25
1.932 11.34 -0.25
1.931 11.35 -0.25
1.93 11.35 -0.25
1.929 11.34 -0.25
1.928 11.35 -0.25
1.925 11.37 -0.25
1.923 11.38 -0.25
1.923 11.38 -0.25
1.922 11.39 -0.25
1.92 11.4 -0.25
1.919 11.41 -0.25
1.917 11.41 -0.25
1.916 11.42 -0.25
1.915 11.43 -0.25
1.914 11.43 -0.25
1.913 11.44 -0.25
1.912 11.45 -0.25
1.91 11.46 -0.25
1.909 11.46 -0.25
1.906 11.48 -0.25
1.905 11.49 -0.25
1.903 11.5 -0.25
1.902 11.5 -0.25
1.901 11.51 -0.25
1.899 11.51 -0.25
1.898 11.53 -0.25
1.896 11.54 -0.25
1.894 11.55 -0.25
1.892 11.56 -0.25
1.89 11.57 -0.25
1.886 11.6 -0.25
1.884 11.61 -0.25
1.881 11.62 -0.25
1.878 11.65 -0.25
1.876 11.66 -0.25
1.874 11.67 -0.25
1.873 11.68 -0.25
1.871 11.7 -0.25
1.87 11.7 -0.25
1.869 11.71 -0.25
1.868 11.71 -0.25
1.868 11.72 -0.25
1.867 11.73 -0.25
1.867 11.74 -0.25
1.866 11.75 -0.25
1.865 11.75 -0.25
1.864 11.76 -0.25
1.863 11.76 -0.25
1.863 11.76 -0.25
1.862 11.77 -0.25
1.862 11.77 -0.25
1.861 11.77 -0.25
1.861 11.78 -0.25
1.86 11.79 -0.25
1.858 11.79 -0.25
1.857 11.8 -0.25
1.856 11.81 -0.25
1.854 11.83 -0.25
1.853 11.84 -0.25
1.85 11.85 -0.25
1.848 11.86 -0.25
1.845 11.86 -0.25
1.843 11.88 -0.25
1.842 11.89 -0.25
1.841 11.9 -0.25
1.841 11.9 -0.25
1.84 11.9 -0.25
1.838 11.91 -0.25
1.836 11.93 -0.25
1.834 11.94 -0.25
1.833 11.95 -0.25
1.831 11.97 -0.25
1.829 11.97 -0.25
1.827 11.99 -0.25
1.824 12.01 -0.25
1.821 12.02 -0.25
1.819 12.03 -0.25
1.816 12.05 -0.25
1.814 12.06 -0.25
1.812 12.07 -0.25
1.81 12.1 -0.25
1.807 12.11 -0.25
1.805 12.13 -0.25
1.804 12.15 -0.25
1.802 12.16 -0.25
1.8 12.17 -0.25
1.798 12.17 -0.25
1.796 12.19 -0.25
1.795 12.21 -0.25
1.794 12.22 -0.25
1.793 12.23 -0.25
1.792 12.23 -0.25
1.791 12.24 -0.25
1.79 12.25 -0.25
1.788 12.26 -0.25
1.787 12.27 -0.25
1.786 12.28 -0.25
1.784 12.28 -0.25
1.782 12.29 -0.25
1.779 12.32 -0.25
1.776 12.34 -0.25
1.773 12.36 -0.25
1.77 12.39 -0.25
1.769 12.39 -0.25
1.767 12.4 -0.25
1.765 12.41 -0.25
1.763 12.43 -0.25
1.762 12.44 -0.25
1.76 12.46 -0.25
1.758 12.47 -0.25
1.757 12.48 -0.25
1.756 12.49 -0.25
1.755 12.5 -0.25
1.755 12.5 -0.25
1.754 12.5 -0.25
1.753 12.52 -0.25
1.752 12.53 -0.25
1.751 12.54 -0.25
1.751 12.54 -0.25
1.751 12.55 -0.25
1.75 12.55 -0.25
1.748 12.57 -0.25
1.746 12.59 -0.25
1.745 12.6 -0.25
1.745 12.6 -0.25
1.745 12.6 -0.25
1.743 12.61 -0.25
1.74 12.64 -0.25
1.739 12.65 -0.25
1.737 12.65 -0.25
1.736 12.66 -0.25
1.735 12.66 -0.25
1.733 12.69 -0.25
1.731 12.69 -0.25
1.73 12.7 -0.25
1.73 12.7 -0.25
1.73 12.7 -0.25
1.73 12.7 -0.25
1.73 12.7 -0.25
1.73 12.7 -0.25
1.73 12.7 -0.25
1.727 12.72 -0.25
1.725 12.74 -0.25
1.723 12.76 -0.25
1.72 12.78 -0.25
1.718 12.79 -0.25
1.717 12.8 -0.25
1.716 12.81 -0.25
1.714 12.81 -0.25
1.713 12.84 -0.25
1.711 12.84 -0.25
1.709 12.85 -0.25
1.707 12.87 -0.25
1.705 12.89 -0.25
1.704 12.9 -0.25
1.703 12.9 -0.25
1.702 12.92 -0.25
1.7 12.93 -0.25
1.699 12.94 -0.25
1.698 12.95 -0.25
1.698 12.96 -0.26
1.697 12.96 -0.26
1.696 12.97 -0.26
1.695 12.96 -0.26
1.694 12.97 -0.26
1.694 12.98 -0.26
1.694 12.98 -0.26
1.693 12.99 -0.26
1.693 13 -0.25
1.691 13 -0.26
1.691 13.01 -0.26
1.69 13.01 -0.26
1.689 13.02 -0.26
1.689 13.02 -0.26
1.689 13.03 -0.26
1.688 13.03 -0.26
1.688 13.05 -0.26
1.687 13.05 -0.26
1.687 13.05 -0.26
1.687 13.05 -0.26
1.686 13.06 -0.26
1.684 13.07 -0.26
1.683 13.08 -0.26
1.682 13.08 -0.26
1.68 13.1 -0.26
1.679 13.11 -0.26
1.677 13.12 -0.26
1.675 13.14 -0.26
1.674 13.15 -0.26
1.673 13.16 -0.26
1.672 13.16 -0.26
1.671 13.17 -0.26
1.67 13.17 -0.26
1.669 13.18 -0.26
1.668 13.2 -0.26
1.667 13.21 -0.26
1.665 13.21 -0.26
1.664 13.22 -0.26
1.663 13.24 -0.26
1.662 13.25 -0.26
1.661 13.25 -0.26
1.66 13.26 -0.26
1.659 13.27 -0.26
1.658 13.27 -0.26
1.658 13.28 -0.26
1.658 13.29 -0.26
1.658 13.29 -0.26
1.658 13.3 -0.26
1.657 13.3 -0.26
1.657 13.3 -0.26
1.656 13.31 -0.26
1.656 13.31 -0.26
1.655 13.32 -0.26
1.654 13.32 -0.26
1.653 13.32 -0.26
1.652 13.33 -0.26
1.651 13.34 -0.26
1.65 13.35 -0.26
1.648 13.37 -0.26
1.647 13.37 -0.26
1.646 13.38 -0.26
1.645 13.39 -0.26
1.643 13.41 -0.26
1.642 13.42 -0.26
1.641 13.42 -0.26
1.639 13.44 -0.26
1.638 13.44 -0.26
1.637 13.45 -0.26
1.636 13.47 -0.26
1.634 13.48 -0.26
1.633 13.48 -0.26
1.631 13.5 -0.26
1.629 13.51 -0.26
1.628 13.52 -0.26
1.626 13.53 -0.26
1.624 13.56 -0.26
1.621 13.58 -0.26
1.619 13.59 -0.26
1.618 13.6 -0.26
1.617 13.62 -0.26
1.616 13.63 -0.26
1.615 13.64 -0.26
1.614 13.65 -0.26
1.613 13.66 -0.26
1.612 13.67 -0.26
1.611 13.67 -0.26
1.61 13.68 -0.26
1.609 13.69 -0.26
1.609 13.7 -0.26
1.608 13.7 -0.26
1.608 13.71 -0.26
1.608 13.72 -0.26
1.607 13.73 -0.26
1.607 13.73 -0.26
1.605 13.74 -0.26
1.603 13.75 -0.26
1.601 13.76 -0.26
1.599 13.79 -0.26
1.596 13.81 -0.26
1.594 13.83 -0.26
1.592 13.85 -0.26
1.59 13.87 -0.26
1.588 13.88 -0.26
1.587 13.89 -0.26
1.585 13.9 -0.26
1.583 13.91 -0.26
1.582 13.95 -0.26
1.58 13.95 -0.26
1.579 13.96 -0.26
1.577 13.97 -0.26
1.576 13.99 -0.26
1.575 14 -0.26
1.575 14 -0.26
1.574 14 -0.26
1.574 14.01 -0.26
1.574 14.01 -0.26
1.574 14.01 -0.26
1.574 14.02 -0.26
1.574 14.02 -0.26
1.573 14.04 -0.26
1.573 14.04 -0.26
1.573 14.04 -0.26
1.572 14.04 -0.26
1.571 14.05 -0.26
1.57 14.06 -0.26
1.568 14.07 -0.26
1.565 14.1 -0.26
1.562 14.12 -0.26
1.561 14.14 -0.26
1.559 14.15 -0.26
1.557 14.17 -0.26
1.554 14.19 -0.26
1.552 14.21 -0.26
1.55 14.23 -0.26
1.549 14.24 -0.26
1.547 14.25 -0.26
1.546 14.27 -0.26
1.545 14.28 -0.26
1.545 14.29 -0.26
1.545 14.28 -0.26
1.544 14.29 -0.26
1.544 14.29 -0.26
1.543 14.3 -0.26
1.543 14.3 -0.26
1.543 14.31 -0.26
1.543 14.31 -0.26
1.543 14.31 -0.26
1.543 14.31 -0.26
1.543 14.32 -0.26
1.543 14.31 -0.26
1.543 14.31 -0.26
1.543 14.32 -0.26
1.543 14.33 -0.26
1.543 14.33 -0.26
1.541 14.34 -0.26
1.54 14.35 -0.26
1.538 14.35 -0.26
1.536 14.37 -0.26
1.535 14.39 -0.26
1.534 14.4 -0.26
1.533 14.41 -0.26
1.533 14.42 -0.26
1.532 14.42 -0.26
1.531 14.44 -0.26
1.53 14.44 -0.26
1.529 14.45 -0.26
1.529 14.45 -0.26
1.527 14.46 -0.26
1.527 14.47 -0.26
1.527 14.48 -0.26
1.525 14.49 -0.26
1.525 14.5 -0.26
1.523 14.51 -0.26
1.521 14.53 -0.26
1.52 14.54 -0.26
1.519 14.55 -0.26
1.517 14.56 -0.26
1.516 14.58 -0.26
1.514 14.6 -0.26
1.513 14.6 -0.26
1.512 14.61 -0.26
1.511 14.63 -0.26
1.51 14.64 -0.26
1.51 14.64 -0.26
1.509 14.65 -0.26
1.508 14.65 -0.26
1.507 14.66 -0.26
1.507 14.67 -0.26
1.505 14.69 -0.26
1.504 14.7 -0.26
1.503 14.71 -0.26
1.502 14.71 -0.26
1.502 14.72 -0.26
1.501 14.73 -0.26
1.5 14.74 -0.26
1.499 14.76 -0.26
1.498 14.76 -0.26
1.498 14.76 -0.26
1.497 14.77 -0.26
1.495 14.79 -0.26
1.494 14.8 -0.26
1.493 14.81 -0.26
1.492 14.81 -0.26
1.492 14.83 -0.26
1.491 14.85 -0.26
1.49 14.85 -0.26
1.49 14.86 -0.26
1.489 14.86 -0.26
1.488 14.87 -0.26
1.488 14.88 -0.26
1.487 14.89 -0.26
1.486 14.9 -0.26
1.485 14.9 -0.26
1.485 14.91 -0.26
1.484 14.91 -0.26
1.483 14.92 -0.26
1.483 14.93 -0.26
1.482 14.93 -0.26
1.482 14.94 -0.26
1.481 14.95 -0.26
1.479 14.96 -0.26
1.478 14.97 -0.26
1.477 14.98 -0.26
1.476 14.99 -0.26
1.475 14.99 -0.26
1.473 15 -0.26
1.471 15.03 -0.26
1.469 15.04 -0.26
1.467 15.07 -0.26
1.466 15.07 -0.26
1.464 15.09 -0.26
1.463 15.11 -0.26
1.462 15.12 -0.26
1.46 15.13 -0.26
1.459 15.14 -0.26
1.458 15.16 -0.26
1.457 15.17 -0.26
1.455 15.19 -0.26
1.455 15.2 -0.26
1.454 15.2 -0.26
1.453 15.22 -0.26
1.452 15.23 -0.26
1.452 15.24 -0.26
1.452 15.24 -0.26
1.451 15.24 -0.26
1.45 15.26 -0.26
1.449 15.28 -0.26
1.448 15.28 -0.26
1.448 15.3 -0.26
1.447 15.31 -0.26
1.446 15.32 -0.26
1.445 15.33 -0.26
1.444 15.34 -0.26
1.444 15.34 -0.26
1.443 15.36 -0.26
1.442 15.36 -0.26
1.441 15.37 -0.26
1.441 15.37 -0.26
1.441 15.38 -0.26
1.441 15.38 -0.26
1.441 15.38 -0.26
1.441 15.38 -0.26
1.441 15.38 -0.26
1.441 15.39 -0.26
1.441 15.39 -0.26
1.441 15.39 -0.26
1.441 15.39 -0.26
1.441 15.39 -0.26
1.44 15.39 -0.26
1.44 15.4 -0.26
1.439 15.4 -0.26
1.437 15.41 -0.26
1.436 15.42 -0.26
1.435 15.42 -0.26
1.434 15.44 -0.26
1.433 15.44 -0.26
1.432 15.45 -0.26
1.431 15.46 -0.26
1.429 15.47 -0.26
1.426 15.49 -0.26
1.425 15.5 -0.26
1.423 15.52 -0.26
1.422 15.54 -0.26
1.42 15.55 -0.26
1.419 15.56 -0.26
1.418 15.58 -0.26
1.417 15.59 -0.26
1.417 15.59 -0.26
1.417 15.6 -0.26
1.416 15.6 -0.26
1.416 15.6 -0.26
1.416 15.61 -0.26
1.415 15.62 -0.26
1.415 15.63 -0.26
1.414 15.64 -0.26
1.414 15.65 -0.26
1.414 15.65 -0.26
1.413 15.65 -0.26
1.413 15.66 -0.26
1.413 15.66 -0.26
1.412 15.66 -0.26
1.411 15.67 -0.26
1.411 15.69 -0.26
1.41 15.7 -0.26
1.41 15.7 -0.26
1.409 15.71 -0.26
1.409 15.72 -0.26
1.409 15.72 -0.26
1.408 15.72 -0.26
1.408 15.73 -0.26
1.408 15.74 -0.26
1.407 15.75 -0.26
1.407 15.75 -0.26
1.406 15.75 -0.26
1.406 15.77 -0.26
1.405 15.77 -0.26
1.404 15.79 -0.26
1.403 15.8 -0.26
1.403 15.81 -0.26
1.402 15.82 -0.26
1.401 15.84 -0.26
1.4 15.85 -0.26
1.399 15.85 -0.26
1.398 15.86 -0.26
1.396 15.87 -0.26
1.395 15.87 -0.26
1.394 15.88 -0.26
1.394 15.89 -0.26
1.393 15.89 -0.26
1.392 15.89 -0.26
1.391 15.9 -0.26
1.391 15.9 -0.26
1.39 15.93 -0.26
1.389 15.94 -0.26
1.388 15.95 -0.26
1.387 15.96 -0.26
1.386 15.96 -0.26
1.385 15.98 -0.26
1.384 15.99 -0.26
1.383 15.99 -0.26
1.382 16 -0.26
1.381 16.02 -0.26
1.38 16.04 -0.26
1.38 16.04 -0.26
1.379 16.05 -0.26
1.378 16.06 -0.26
1.377 16.08 -0.26
1.376 16.09 -0.26
1.375 16.1 -0.26
1.375 16.11 -0.26
1.374 16.12 -0.26
1.373 16.14 -0.26
1.372 16.15 -0.26
1.372 16.16 -0.26
1.371 16.17 -0.26
1.37 16.19 -0.26
1.368 16.21 -0.26
1.367 16.22 -0.26
1.365 16.25 -0.26
1.365 16.26 -0.26
1.364 16.27 -0.26
1.363 16.28 -0.26
1.362 16.29 -0.26
1.362 16.31 -0.26
1.361 16.32 -0.26
1.36 16.33 -0.26
1.359 16.33 -0.26
1.359 16.34 -0.26
1.358 16.36 -0.26
1.357 16.37 -0.26
1.357 16.37 -0.26
1.356 16.38 -0.26
1.355 16.39 -0.26
1.354 16.4 -0.26
1.353 16.41 -0.26
1.352 16.42 -0.26
1.351 16.44 -0.26
1.35 16.45 -0.26
1.349 16.46 -0.26
1.348 16.47 -0.26
1.347 16.48 -0.26
1.346 16.49 -0.26
1.346 16.5 -0.26
1.345 16.5 -0.26
1.344 16.51 -0.26
1.344 16.52 -0.26
1.343 16.54 -0.26
1.342 16.55 -0.26
1.341 16.56 -0.26
1.34 16.57 -0.26
1.34 16.58 -0.26
1.339 16.58 -0.26
1.339 16.59 -0.26
1.339 16.59 -0.26
1.339 16.6 -0.26
1.338 16.61 -0.26
1.338 16.61 -0.26
1.337 16.62 -0.26
1.336 16.63 -0.26
1.336 16.64 -0.26
1.336 16.65 -0.26
1.335 16.65 -0.26
1.334 16.66 -0.26
1.333 16.67 -0.26
1.333 16.68 -0.26
1.332 16.69 -0.26
1.331 16.7 -0.26
1.33 16.71 -0.26
1.329 16.73 -0.26
1.329 16.73 -0.26
1.328 16.74 -0.26
1.327 16.75 -0.26
1.326 16.76 -0.26
1.325 16.77 -0.26
1.325 16.78 -0.26
1.325 16.78 -0.26
1.325 16.78 -0.26
1.325 16.79 -0.26
1.325 16.79 -0.26
1.324 16.79 -0.26
1.324 16.8 -0.26
1.323 16.8 -0.26
1.322 16.81 -0.26
1.321 16.82 -0.26
1.321 16.83 -0.26
1.32 16.84 -0.26
1.319 16.85 -0.26
1.319 16.86 -0.26
1.318 16.87 -0.26
1.318 16.88 -0.26
1.317 16.88 -0.26
1.316 16.89 -0.26
1.316 16.9 -0.26
1.314 16.91 -0.26
1.313 16.92 -0.26
1.313 16.94 -0.26
1.312 16.95 -0.26
1.311 16.96 -0.26
1.31 16.97 -0.26
1.309 16.98 -0.26
1.308 16.98 -0.26
1.307 17 -0.26
1.307 17.01 -0.26
1.307 17.01 -0.26
1.307 17.02 -0.26
1.306 17.02 -0.26
1.306 17.03 -0.26
1.305 17.04 -0.26
1.305 17.05 -0.26
1.304 17.06 -0.26
1.303 17.07 -0.26
1.303 17.07 -0.26
1.303 17.08 -0.26
1.303 17.08 -0.26
1.302 17.09 -0.26
1.301 17.1 -0.26
1.301 17.11 -0.26
1.3 17.11 -0.26
1.3 17.12 -0.26
1.299 17.13 -0.26
1.298 17.15 -0.26
1.297 17.16 -0.26
1.296 17.17 -0.26
1.295 17.18 -0.26
1.294 17.19 -0.26
1.294 17.2 -0.26
1.293 17.21 -0.26
1.293 17.21 -0.26
1.293 17.22 -0.26
1.292 17.22 -0.26
1.292 17.23 -0.26
1.291 17.24 -0.26
1.291 17.24 -0.26
1.291 17.25 -0.26
1.291 17.25 -0.26
1.29 17.26 -0.26
1.289 17.27 -0.26
1.288 17.29 -0.26
1.287 17.3 -0.26
1.285 17.32 -0.26
1.284 17.33 -0.26
1.284 17.34 -0.26
1.284 17.35 -0.26
1.283 17.36 -0.26
1.282 17.36 -0.26
1.282 17.37 -0.26
1.281 17.39 -0.26
1.28 17.4 -0.26
1.279 17.41 -0.26
1.278 17.42 -0.26
1.277 17.44 -0.26
1.276 17.45 -0.26
1.275 17.46 -0.26
1.274 17.47 -0.26
1.273 17.48 -0.26
1.272 17.49 -0.26
1.271 17.51 -0.26
1.271 17.52 -0.26
1.27 17.53 -0.26
1.269 17.54 -0.26
1.268 17.55 -0.26
1.268 17.56 -0.26
1.268 17.57 -0.26
1.267 17.57 -0.26
1.267 17.58 -0.26
1.266 17.59 -0.26
1.266 17.59 -0.26
1.266 17.6 -0.26
1.265 17.6 -0.26
1.265 17.61 -0.26
1.265 17.61 -0.26
1.264 17.63 -0.26
1.263 17.64 -0.26
1.262 17.65 -0.26
1.261 17.67 -0.26
1.26 17.68 -0.26
1.26 17.68 -0.26
1.26 17.69 -0.26
1.259 17.69 -0.26
1.259 17.7 -0.26
1.258 17.71 -0.26
1.257 17.72 -0.26
1.256 17.73 -0.26
1.255 17.75 -0.26
1.254 17.77 -0.26
1.253 17.78 -0.26
1.252 17.79 -0.26
1.252 17.79 -0.26
1.251 17.8 -0.26
1.25 17.82 -0.26
1.25 17.83 -0.26
1.249 17.84 -0.26
1.248 17.85 -0.26
1.248 17.86 -0.26
1.247 17.87 -0.26
1.246 17.88 -0.26
1.245 17.89 -0.26
1.244 17.9 -0.26
1.244 17.91 -0.26
1.243 17.92 -0.26
1.243 17.93 -0.26
1.242 17.94 -0.26
1.241 17.95 -0.26
1.241 17.96 -0.26
1.24 17.96 -0.26
1.24 17.97 -0.26
1.239 17.98 -0.26
1.239 17.99 -0.26
1.238 18 -0.26
1.237 18 -0.26
1.237 18.02 -0.26
1.236 18.02 -0.26
1.235 18.03 -0.26
1.235 18.04 -0.26
1.234 18.06 -0.26
1.233 18.07 -0.26
1.233 18.08 -0.26
1.232 18.09 -0.26
1.231 18.1 -0.26
1.23 18.11 -0.26
1.229 18.13 -0.26
1.228 18.14 -0.26
1.228 18.15 -0.26
1.228 18.15 -0.26
1.227 18.16 -0.26
1.227 18.17 -0.26
1.226 18.19 -0.26
1.225 18.2 -0.26
1.224 18.21 -0.26
1.223 18.22 -0.26
1.222 18.23 -0.26
1.222 18.25 -0.26
1.221 18.26 -0.26
1.221 18.26 -0.26
1.22 18.27 -0.26
1.22 18.28 -0.26
1.219 18.29 -0.26
1.218 18.3 -0.26
1.217 18.32 -0.26
1.216 18.33 -0.26
1.215 18.35 -0.26
1.214 18.36 -0.26
1.214 18.36 -0.26
1.214 18.37 -0.26
1.214 18.37 -0.26
1.213 18.38 -0.26
1.213 18.38 -0.26
1.212 18.39 -0.26
1.211 18.4 -0.26
1.211 18.41 -0.26
1.209 18.43 -0.26
1.208 18.44 -0.26
1.207 18.46 -0.26
1.207 18.47 -0.26
1.206 18.48 -0.26
1.206 18.49 -0.26
1.206 18.49 -0.26
1.205 18.5 -0.26
1.205 18.51 -0.26
1.203 18.53 -0.26
1.202 18.55 -0.26
1.201 18.56 -0.26
1.201 18.57 -0.26
1.201 18.57 -0.26
1.201 18.57 -0.26
1.2 18.59 -0.26
1.199 18.6 -0.26
1.198 18.61 -0.26
1.198 18.62 -0.26
1.197 18.63 -0.26
1.197 18.63 -0.26
1.197 18.64 -0.26
1.196 18.64 -0.26
1.196 18.66 -0.26
1.195 18.66 -0.26
1.195 18.67 -0.26
1.194 18.68 -0.26
1.194 18.69 -0.26
1.193 18.7 -0.26
1.192 18.71 -0.26
1.192 18.72 -0.26
1.191 18.73 -0.26
1.191 18.73 -0.26
1.19 18.74 -0.26
1.19 18.75 -0.26
1.189 18.76 -0.26
1.188 18.78 -0.26
1.187 18.8 -0.26
1.185 18.82 -0.26
1.184 18.83 -0.26
1.183 18.85 -0.26
1.182 18.87 -0.26
1.181 18.88 -0.26
1.181 18.89 -0.26
1.18 18.91 -0.26
1.179 18.92 -0.26
1.179 18.92 -0.26
1.178 18.93 -0.26
1.178 18.94 -0.26
1.178 18.94 -0.26
1.178 18.95 -0.26
1.177 18.95 -0.26
1.177 18.96 -0.26
1.177 18.96 -0.26
1.177 18.96 -0.26
1.177 18.96 -0.26
1.177 18.97 -0.26
1.177 18.97 -0.26
1.177 18.97 -0.26
1.177 18.97 -0.26
1.177 18.97 -0.26
1.176 18.98 -0.26
1.176 18.98 -0.26
1.176 18.98 -0.26
1.176 18.99 -0.26
1.176 18.99 -0.26
1.175 19 -0.26
1.175 19 -0.26
1.175 19 -0.26
1.175 19.01 -0.26
1.175 19.01 -0.26
1.174 19.02 -0.27
1.174 19.02 -0.26
1.174 19.03 -0.26
1.173 19.03 -0.26
1.173 19.03 -0.27
1.173 19.04 -0.26
1.172 19.06 -0.26
1.171 19.08 -0.26
1.169 19.09 -0.26
1.168 19.11 -0.26
1.168 19.12 -0.26
1.167 19.13 -0.26
1.167 19.14 -0.26
1.166 19.15 -0.26
1.165 19.17 -0.26
1.164 19.18 -0.26
1.163 19.19 -0.26
1.162 19.21 -0.26
1.161 19.22 -0.26
1.161 19.23 -0.26
1.161 19.24 -0.26
1.16 19.25 -0.26
1.16 19.26 -0.26
1.159 19.27 -0.26
1.159 19.28 -0.26
1.158 19.29 -0.26
1.158 19.3 -0.26
1.157 19.31 -0.26
1.157 19.31 -0.26
1.156 19.32 -0.26
1.156 19.33 -0.26
1.155 19.33 -0.26
1.155 19.34 -0.26
1.154 19.34 -0.27
1.154 19.35 -0.26
1.153 19.37 -0.27
1.153 19.38 -0.26
1.152 19.39 -0.26
1.151 19.41 -0.26
1.151 19.42 -0.26
1.15 19.43 -0.26
1.149 19.45 -0.26
1.148 19.45 -0.26
1.148 19.46 -0.26
1.147 19.47 -0.27
1.147 19.48 -0.26
1.146 19.49 -0.27
1.146 19.5 -0.26
1.145 19.51 -0.26
1.145 19.52 -0.26
1.144 19.53 -0.27
1.143 19.55 -0.27
1.142 19.57 -0.26
1.141 19.58 -0.26
1.141 19.59 -0.26
1.14 19.6 -0.26
1.14 19.61 -0.27
1.139 19.62 -0.26
1.139 19.62 -0.27
1.139 19.63 -0.26
1.139 19.63 -0.26
1.138 19.64 -0.27
1.138 19.65 -0.27
1.137 19.66 -0.27
1.137 19.67 -0.27
1.136 19.68 -0.26
1.135 19.7 -0.27
1.134 19.71 -0.26
1.133 19.72 -0.26
1.132 19.74 -0.27
1.131 19.75 -0.26
1.131 19.76 -0.26
1.13 19.78 -0.26
1.129 19.79 -0.26
1.128 19.81 -0.26
1.127 19.82 -0.26
1.126 19.84 -0.27
1.125 19.86 -0.26
1.123 19.89 -0.26
1.123 19.91 -0.26
1.122 19.91 -0.26
1.121 19.93 -0.26
1.121 19.94 -0.26
1.12 19.95 -0.27
1.12 19.95 -0.26
1.12 19.96 -0.26
1.12 19.96 -0.26
1.119 19.97 -0.26
1.119 19.97 -0.27
1.119 19.98 -0.26
1.118 19.99 -0.26
1.118 20 -0.26
1.117 20 -0.26
1.117 20.01 -0.26
1.117 20.01 -0.27
1.117 20.02 -0.26
1.116 20.02 -0.26
1.116 20.03 -0.26
1.115 20.04 -0.26
1.115 20.05 -0.26
1.115 20.06 -0.26
1.115 20.06 -0.26
1.115 20.06 -0.27
1.114 20.07 -0.26
1.114 20.08 -0.26
1.113 20.09 -0.26
1.112 20.1 -0.26
1.112 20.11 -0.26
1.111 20.12 -0.26
1.111 20.13 -0.26
1.11 20.14 -0.26
1.11 20.15 -0.26
1.109 20.16 -0.26
1.108 20.17 -0.26
1.108 20.19 -0.26
1.107 20.2 -0.26
1.107 20.21 -0.26
1.106 20.22 -0.26
1.105 20.24 -0.26
1.104 20.25 -0.26
1.103 20.26 -0.26
1.103 20.28 -0.26
1.102 20.29 -0.26
1.102 20.29 -0.26
1.102 20.3 -0.26
1.101 20.31 -0.26
1.101 20.33 -0.26
1.1 20.34 -0.26
1.099 20.35 -0.27
1.099 20.36 -0.26
1.098 20.37 -0.26
1.098 20.38 -0.26
1.098 20.38 -0.26
1.098 20.39 -0.26
1.097 20.4 -0.27
1.097 20.41 -0.26
1.096 20.42 -0.26
1.095 20.43 -0.27
1.095 20.43 -0.26
1.095 20.44 -0.26
1.095 20.44 -0.27
1.095 20.45 -0.26
1.094 20.46 -0.27
1.093 20.48 -0.26
1.092 20.49 -0.26
1.092 20.5 -0.26
1.092 20.51 -0.26
1.091 20.51 -0.26
1.091 20.52 -0.27
1.091 20.53 -0.27
1.09 20.54 -0.27
1.089 20.55 -0.26
1.089 20.56 -0.27
1.088 20.57 -0.27
1.087 20.58 -0.27
1.087 20.59 -0.27
1.087 20.6 -0.26
1.086 20.61 -0.26
1.086 20.61 -0.26
1.086 20.62 -0.26
1.085 20.64 -0.27
1.084 20.66 -0.26
1.083 20.68 -0.27
1.082 20.7 -0.26
1.081 20.71 -0.27
1.08 20.73 -0.27
1.079 20.74 -0.27
1.078 20.76 -0.27
1.077 20.77 -0.26
1.076 20.79 -0.26
1.076 20.8 -0.26
1.075 20.81 -0.27
1.075 20.82 -0.27
1.074 20.84 -0.26
1.073 20.85 -0.26
1.072 20.87 -0.26
1.071 20.89 -0.26
1.07 20.92 -0.27
1.069 20.94 -0.27
1.068 20.95 -0.27
1.068 20.95 -0.27
1.069 20.95 -0.27
1.069 20.96 -0.26
1.068 20.96 -0.27
1.068 20.97 -0.26
1.068 20.98 -0.27
1.067 20.98 -0.27
1.067 20.99 -0.27
1.067 20.99 -0.26
1.066 21.01 -0.27
1.066 21.01 -0.27
1.066 21.02 -0.27
1.066 21.02 -0.27
1.066 21.03 -0.27
1.066 21.03 -0.27
1.065 21.04 -0.27
1.065 21.04 -0.26
1.065 21.04 -0.27
1.065 21.04 -0.26
1.064 21.05 -0.27
1.064 21.05 -0.27
1.064 21.06 -0.27
1.064 21.07 -0.27
1.064 21.07 -0.27
1.063 21.08 -0.27
1.063 21.09 -0.27
1.062 21.11 -0.26
1.06 21.13 -0.27
1.06 21.15 -0.27
1.059 21.16 -0.27
1.058 21.18 -0.27
1.057 21.19 -0.26
1.057 21.2 -0.27
1.056 21.21 -0.27
1.056 21.22 -0.27
1.056 21.22 -0.27
1.056 21.22 -0.27
1.056 21.23 -0.27
1.055 21.24 -0.27
1.055 21.25 -0.27
1.054 21.26 -0.27
1.053 21.27 -0.27
1.052 21.28 -0.27
1.052 21.3 -0.27
1.051 21.31 -0.27
1.05 21.32 -0.26
1.05 21.33 -0.26
1.05 21.34 -0.27
1.049 21.35 -0.27
1.049 21.36 -0.27
1.049 21.37 -0.27
1.048 21.38 -0.27
1.048 21.38 -0.27
1.048 21.38 -0.27
1.048 21.38 -0.27
1.048 21.38 -0.27
1.048 21.4 -0.27
1.047 21.41 -0.27
1.047 21.41 -0.27
1.047 21.42 -0.27
1.046 21.42 -0.27
1.046 21.43 -0.27
1.046 21.43 -0.27
1.045 21.44 -0.27
1.045 21.45 -0.26
1.044 21.47 -0.27
1.044 21.48 -0.26
1.044 21.48 -0.27
1.044 21.48 -0.27
1.044 21.49 -0.26
1.043 21.49 -0.26
1.043 21.5 -0.27
1.042 21.51 -0.26
1.041 21.53 -0.27
1.04 21.55 -0.26
1.039 21.57 -0.26
1.039 21.58 -0.26
1.038 21.59 -0.27
1.038 21.59 -0.27
1.038 21.6 -0.27
1.037 21.62 -0.27
1.036 21.64 -0.26
1.036 21.65 -0.27
1.035 21.66 -0.27
1.035 21.67 -0.26
1.034 21.68 -0.26
1.034 21.7 -0.27
1.033 21.71 -0.26
1.033 21.71 -0.26
1.033 21.72 -0.26
1.032 21.73 -0.26
1.032 21.74 -0.26
1.031 21.75 -0.26
1.031 21.75 -0.27
1.03 21.76 -0.26
1.03 21.78 -0.27
1.029 21.79 -0.26
1.029 21.8 -0.26
1.028 21.82 -0.27
1.028 21.83 -0.27
1.027 21.84 -0.27
1.027 21.84 -0.26
1.027 21.85 -0.27
1.026 21.86 -0.26
1.026 21.87 -0.26
1.026 21.87 -0.26
1.026 21.88 -0.26
1.026 21.88 -0.26
1.026 21.89 -0.26
1.025 21.9 -0.27
1.025 21.91 -0.27
1.024 21.92 -0.27
1.024 21.92 -0.27
1.024 21.93 -0.26
1.024 21.93 -0.27
1.024 21.94 -0.26
1.023 21.94 -0.26
1.023 21.95 -0.26
1.023 21.95 -0.26
1.023 21.95 -0.26
1.023 21.95 -0.26
1.023 21.95 -0.27
1.023 21.96 -0.26
1.023 21.96 -0.26
1.023 21.97 -0.26
1.022 21.97 -0.26
1.022 21.97 -0.26
1.021 21.98 -0.26
1.021 22 -0.26
1.02 22.01 -0.26
1.02 22.01 -0.26
1.019 22.03 -0.26
1.018 22.05 -0.26
1.018 22.07 -0.26
1.017 22.08 -0.26
1.016 22.09 -0.26
1.016 22.1 -0.26
1.016 22.11 -0.26
1.015 22.11 -0.26
1.015 22.12 -0.26
1.014 22.14 -0.26
1.014 22.15 -0.26
1.014 22.15 -0.26
1.013 22.16 -0.26
1.012 22.17 -0.26
1.012 22.18 -0.26
1.012 22.19 -0.26
