1.118 22.19 25.42
1.118 22.19 25.43
1.119 22.18 25.43
1.119 22.17 25.43
1.12 22.16 25.43
1.12 22.16 25.43
1.12 22.14 25.43
1.121 22.13 25.43
1.121 22.12 25.43
1.122 22.11 25.43
1.123 22.1 25.43
1.123 22.09 25.43
1.124 22.07 25.43
1.125 22.07 25.43
1.126 22.05 25.43
1.126 22.04 25.43
1.126 22.04 25.43
1.127 22.03 25.43
1.127 22.02 25.43
1.127 22.01 25.43
1.128 22 25.43
1.128 21.99 25.43
1.129 21.98 25.43
1.13 21.96 25.43
1.131 21.95 25.43
1.131 21.93 25.43
1.132 21.93 25.43
1.132 21.93 25.43
1.133 21.91 25.43
1.133 21.9 25.43
1.134 21.89 25.43
1.134 21.88 25.43
1.135 21.87 25.43
1.135 21.86 25.43
1.136 21.85 25.43
1.136 21.84 25.43
1.137 21.82 25.43
1.137 21.81 25.43
1.138 21.79 25.43
1.139 21.78 25.43
1.139 21.76 25.43
1.14 21.75 25.43
1.14 21.74 25.43
1.141 21.73 25.43
1.142 21.72 25.43
1.142 21.71 25.43
1.142 21.7 25.43
1.143 21.69 25.43
1.143 21.68 25.43
1.144 21.68 25.43
1.144 21.67 25.43
1.145 21.66 25.43
1.146 21.64 25.43
1.147 21.62 25.43
1.148 21.6 25.43
1.149 21.59 25.43
1.15 21.57 25.43
1.15 21.56 25.43
1.151 21.55 25.43
1.152 21.53 25.43
1.152 21.52 25.43
1.153 21.51 25.43
1.153 21.5 25.43
1.154 21.49 25.43
1.154 21.48 25.43
1.155 21.47 25.43
1.155 21.47 25.43
1.155 21.45 25.43
1.156 21.44 25.43
1.156 21.43 25.43
1.157 21.43 25.43
1.157 21.42 25.43
1.158 21.41 25.43
1.158 21.4 25.43
1.158 21.39 25.43
1.159 21.38 25.43
1.16 21.37 25.43
1.161 21.35 25.43
1.161 21.33 25.43
1.163 21.31 25.43
1.164 21.29 25.43
1.165 21.27 25.43
1.166 21.26 25.43
1.166 21.25 25.43
1.167 21.23 25.43
1.168 21.22 25.43
1.169 21.21 25.43
1.169 21.19 25.43
1.171 21.17 25.43
1.172 21.16 25.43
1.172 21.14 25.43
1.173 21.13 25.43
1.174 21.11 25.43
1.175 21.1 25.43
1.176 21.08 25.43
1.177 21.06 25.43
1.178 21.05 25.43
1.179 21.03 25.43
1.18 21.01 25.43
1.181 20.99 25.43
1.182 20.98 25.43
1.182 20.96 25.43
1.183 20.94 25.43
1.184 20.93 25.43
1.185 20.92 25.43
1.185 20.91 25.43
1.186 20.89 25.43
1.187 20.87 25.43
1.187 20.86 25.43
1.188 20.84 25.44
1.189 20.82 25.43
1.19 20.8 25.44
1.191 20.78 25.44
1.192 20.77 25.44
1.193 20.75 25.44
1.193 20.74 25.44
1.194 20.74 25.44
1.194 20.73 25.44
1.195 20.72 25.44
1.196 20.7 25.44
1.197 20.69 25.44
1.198 20.67 25.44
1.199 20.66 25.44
1.2 20.64 25.44
1.201 20.62 25.44
1.202 20.61 25.44
1.202 20.6 25.44
1.203 20.58 25.44
1.204 20.57 25.44
1.204 20.56 25.44
1.205 20.56 25.44
1.205 20.55 25.44
1.205 20.54 25.44
1.205 20.54 25.44
1.206 20.53 25.44
1.206 20.52 25.44
1.207 20.5 25.44
1.208 20.49 25.44
1.208 20.48 25.44
1.208 20.48 25.44
1.208 20.47 25.44
1.209 20.46 25.44
1.209 20.45 25.44
1.209 20.44 25.44
1.21 20.44 25.44
1.21 20.44 25.44
1.21 20.43 25.44
1.211 20.43 25.44
1.211 20.42 25.44
1.212 20.41 25.44
1.212 20.4 25.44
1.213 20.39 25.44
1.213 20.38 25.44
1.214 20.37 25.44
1.214 20.37 25.44
1.214 20.36 25.44
1.214 20.36 25.44
1.215 20.35 25.44
1.215 20.35 25.44
1.215 20.35 25.44
1.215 20.34 25.44
1.215 20.34 25.44
1.216 20.33 25.44
1.216 20.33 25.44
1.216 20.33 25.44
1.216 20.33 25.44
1.216 20.32 25.44
1.217 20.31 25.44
1.218 20.3 25.44
1.218 20.29 25.44
1.219 20.28 25.44
1.219 20.27 25.44
1.22 20.26 25.44
1.22 20.25 25.44
1.221 20.24 25.44
1.222 20.23 25.44
1.222 20.22 25.44
1.223 20.21 25.44
1.223 20.2 25.44
1.224 20.19 25.44
1.225 20.18 25.44
1.226 20.17 25.44
1.226 20.16 25.44
1.227 20.15 25.44
1.227 20.14 25.44
1.227 20.13 25.44
1.228 20.13 25.44
1.228 20.12 25.44
1.228 20.12 25.44
1.229 20.11 25.44
1.229 20.11 25.44
1.23 20.1 25.44
1.23 20.09 25.44
1.231 20.08 25.44
1.232 20.08 25.44
1.232 20.07 25.44
1.233 20.05 25.44
1.233 20.04 25.44
1.234 20.03 25.44
1.234 20.02 25.44
1.235 20.01 25.44
1.235 20 25.44
1.236 19.99 25.44
1.237 19.98 25.44
1.237 19.97 25.44
1.238 19.96 25.44
1.238 19.96 25.44
1.239 19.95 25.44
1.239 19.94 25.44
1.239 19.94 25.44
1.24 19.93 25.44
1.24 19.92 25.44
1.241 19.91 25.44
1.241 19.9 25.44
1.242 19.89 25.44
1.243 19.87 25.44
1.243 19.86 25.44
1.244 19.85 25.44
1.244 19.84 25.44
1.245 19.83 25.44
1.246 19.82 25.44
1.247 19.8 25.44
1.248 19.79 25.44
1.249 19.78 25.44
1.25 19.76 25.44
1.251 19.75 25.44
1.252 19.73 25.44
1.253 19.72 25.44
1.253 19.71 25.44
1.254 19.7 25.44
1.255 19.69 25.44
1.255 19.68 25.44
1.256 19.68 25.44
1.256 19.67 25.44
1.257 19.66 25.44
1.257 19.65 25.44
1.258 19.64 25.44
1.258 19.64 25.44
1.258 19.63 25.44
1.259 19.63 25.44
1.259 19.63 25.44
1.259 19.62 25.44
1.26 19.62 25.44
1.26 19.61 25.44
1.261 19.6 25.44
1.261 19.59 25.44
1.262 19.58 25.44
1.262 19.57 25.44
1.263 19.55 25.44
1.264 19.54 25.44
1.265 19.52 25.44
1.266 19.5 25.44
1.267 19.5 25.44
1.267 19.49 25.44
1.268 19.48 25.44
1.268 19.48 25.44
1.268 19.47 25.44
1.268 19.47 25.44
1.269 19.46 25.44
1.269 19.45 25.44
1.27 19.44 25.44
1.271 19.43 25.44
1.271 19.42 25.44
1.271 19.41 25.44
1.272 19.41 25.44
1.272 19.39 25.44
1.273 19.38 25.44
1.273 19.38 25.44
1.273 19.38 25.44
1.274 19.37 25.44
1.274 19.36 25.44
1.275 19.34 25.44
1.277 19.32 25.44
1.278 19.3 25.44
1.279 19.29 25.44
1.279 19.28 25.44
1.28 19.28 25.44
1.28 19.27 25.44
1.281 19.26 25.44
1.282 19.24 25.44
1.283 19.23 25.44
1.284 19.22 25.44
1.284 19.21 25.44
1.285 19.2 25.44
1.286 19.19 25.44
1.286 19.18 25.44
1.287 19.17 25.44
1.288 19.16 25.44
1.288 19.15 25.44
1.288 19.15 25.44
1.289 19.14 25.44
1.289 19.13 25.44
1.29 19.12 25.44
1.292 19.11 25.44
1.292 19.09 25.44
1.293 19.08 25.44
1.294 19.07 25.44
1.295 19.06 25.44
1.295 19.04 25.44
1.296 19.03 25.44
1.297 19.01 25.44
1.298 19 25.44
1.299 18.98 25.44
1.3 18.97 25.44
1.301 18.96 25.44
1.301 18.95 25.44
1.302 18.94 25.44
1.302 18.93 25.44
1.303 18.92 25.44
1.303 18.92 25.44
1.304 18.91 25.44
1.304 18.9 25.44
1.305 18.89 25.44
1.305 18.89 25.44
1.305 18.88 25.44
1.306 18.87 25.44
1.307 18.85 25.44
1.309 18.84 25.44
1.309 18.82 25.44
1.31 18.82 25.44
1.31 18.81 25.44
1.31 18.81 25.44
1.31 18.81 25.44
1.31 18.8 25.44
1.311 18.79 25.44
1.312 18.79 25.44
1.313 18.77 25.44
1.313 18.76 25.44
1.314 18.75 25.44
1.315 18.74 25.44
1.315 18.74 25.44
1.315 18.74 25.44
1.316 18.73 25.44
1.317 18.71 25.44
1.318 18.71 25.44
1.318 18.7 25.44
1.319 18.69 25.44
1.32 18.68 25.44
1.321 18.67 25.44
1.322 18.65 25.44
1.323 18.63 25.44
1.325 18.61 25.44
1.326 18.59 25.44
1.327 18.58 25.44
1.328 18.57 25.44
1.328 18.56 25.44
1.329 18.55 25.44
1.329 18.54 25.44
1.329 18.54 25.44
1.33 18.53 25.44
1.33 18.53 25.44
1.33 18.53 25.44
1.33 18.53 25.44
1.331 18.52 25.44
1.331 18.51 25.44
1.332 18.5 25.44
1.333 18.49 25.44
1.334 18.47 25.44
1.334 18.46 25.44
1.335 18.46 25.44
1.335 18.45 25.44
1.336 18.44 25.44
1.336 18.44 25.44
1.336 18.43 25.44
1.337 18.42 25.44
1.338 18.4 25.44
1.338 18.4 25.44
1.339 18.39 25.44
1.34 18.38 25.44
1.34 18.37 25.44
1.34 18.37 25.44
1.341 18.37 25.44
1.341 18.36 25.44
1.342 18.36 25.44
1.342 18.35 25.44
1.342 18.35 25.44
1.343 18.34 25.44
1.344 18.33 25.44
1.344 18.33 25.44
1.345 18.32 25.44
1.345 18.3 25.44
1.346 18.3 25.44
1.347 18.29 25.44
1.348 18.28 25.44
1.348 18.27 25.44
1.349 18.27 25.44
1.349 18.26 25.44
1.35 18.26 25.44
1.351 18.24 25.44
1.351 18.23 25.44
1.352 18.23 25.44
1.352 18.22 25.44
1.353 18.21 25.44
1.354 18.2 25.44
1.356 18.17 25.44
1.358 18.16 25.44
1.359 18.13 25.44
1.36 18.11 25.44
1.361 18.1 25.44
1.362 18.08 25.44
1.363 18.07 25.44
1.364 18.05 25.44
1.365 18.04 25.44
1.366 18.03 25.44
1.367 18.02 25.44
1.368 18.01 25.44
1.369 18 25.44
1.369 17.99 25.44
1.37 17.98 25.44
1.371 17.96 25.44
1.371 17.96 25.44
1.372 17.95 25.44
1.372 17.94 25.44
1.373 17.93 25.44
1.373 17.92 25.44
1.374 17.91 25.44
1.374 17.91 25.44
1.374 17.9 25.44
1.375 17.9 25.44
1.375 17.89 25.44
1.376 17.89 25.44
1.376 17.88 25.44
1.377 17.88 25.44
1.377 17.88 25.44
1.377 17.87 25.44
1.378 17.86 25.44
1.378 17.85 25.44
1.379 17.85 25.44
1.379 17.85 25.44
1.379 17.84 25.44
1.38 17.84 25.44
1.38 17.83 25.44
1.381 17.82 25.44
1.382 17.81 25.44
1.382 17.8 25.44
1.383 17.8 25.44
1.383 17.79 25.44
1.384 17.79 25.44
1.384 17.78 25.44
1.385 17.78 25.44
1.386 17.76 25.44
1.387 17.75 25.44
1.387 17.75 25.44
1.388 17.74 25.44
1.39 17.72 25.44
1.391 17.71 25.44
1.393 17.69 25.44
1.394 17.67 25.44
1.395 17.65 25.44
1.396 17.64 25.44
1.397 17.63 25.44
1.397 17.62 25.44
1.398 17.61 25.44
1.399 17.6 25.44
1.4 17.59 25.44
1.401 17.57 25.44
1.401 17.57 25.44
1.403 17.55 25.44
1.404 17.53 25.44
1.405 17.52 25.44
1.406 17.5 25.44
1.407 17.49 25.44
1.408 17.48 25.44
1.408 17.47 25.44
1.409 17.47 25.44
1.409 17.45 25.44
1.41 17.44 25.44
1.411 17.44 25.44
1.411 17.43 25.44
1.412 17.43 25.44
1.413 17.42 25.44
1.414 17.4 25.44
1.415 17.4 25.44
1.415 17.39 25.44
1.416 17.37 25.44
1.417 17.36 25.44
1.418 17.35 25.44
1.419 17.34 25.44
1.42 17.32 25.44
1.421 17.32 25.44
1.422 17.31 25.44
1.423 17.3 25.44
1.423 17.29 25.44
1.424 17.28 25.44
1.424 17.27 25.44
1.425 17.26 25.44
1.426 17.26 25.44
1.427 17.25 25.44
1.428 17.23 25.44
1.429 17.22 25.44
1.431 17.21 25.44
1.431 17.19 25.44
1.433 17.18 25.44
1.433 17.16 25.44
1.434 17.16 25.44
1.435 17.14 25.44
1.436 17.13 25.44
1.436 17.12 25.44
1.437 17.11 25.44
1.438 17.11 25.44
1.439 17.09 25.44
1.44 17.08 25.44
1.441 17.07 25.44
1.442 17.06 25.44
1.443 17.04 25.44
1.444 17.02 25.44
1.445 17.01 25.44
1.446 16.99 25.44
1.447 16.98 25.44
1.448 16.97 25.44
1.449 16.96 25.44
1.449 16.95 25.44
1.45 16.95 25.44
1.45 16.94 25.44
1.45 16.94 25.44
1.45 16.94 25.44
1.451 16.93 25.44
1.453 16.91 25.44
1.453 16.9 25.44
1.454 16.89 25.44
1.456 16.88 25.44
1.457 16.87 25.44
1.457 16.86 25.44
1.458 16.84 25.44
1.459 16.84 25.44
1.46 16.83 25.44
1.461 16.82 25.44
1.462 16.81 25.44
1.463 16.8 25.44
1.464 16.79 25.44
1.465 16.78 25.44
1.466 16.77 25.44
1.467 16.76 25.44
1.469 16.74 25.44
1.47 16.72 25.44
1.472 16.7 25.44
1.473 16.69 25.44
1.474 16.68 25.44
1.475 16.66 25.44
1.476 16.66 25.44
1.476 16.65 25.44
1.477 16.64 25.44
1.477 16.63 25.44
1.478 16.63 25.44
1.478 16.62 25.44
1.479 16.61 25.44
1.48 16.6 25.43
1.48 16.59 25.43
1.481 16.59 25.43
1.481 16.58 25.43
1.482 16.58 25.43
1.482 16.57 25.43
1.482 16.57 25.43
1.483 16.56 25.43
1.483 16.55 25.43
1.484 16.54 25.43
1.484 16.54 25.43
1.485 16.53 25.43
1.485 16.53 25.43
1.485 16.53 25.43
1.485 16.52 25.43
1.485 16.52 25.43
1.486 16.51 25.43
1.486 16.5 25.43
1.487 16.5 25.43
1.487 16.5 25.43
1.487 16.49 25.43
1.488 16.48 25.43
1.489 16.48 25.43
1.489 16.47 25.43
1.49 16.47 25.43
1.49 16.46 25.43
1.491 16.46 25.43
1.492 16.45 25.43
1.493 16.44 25.43
1.493 16.43 25.43
1.494 16.43 25.43
1.494 16.42 25.43
1.495 16.42 25.43
1.495 16.41 25.43
1.496 16.4 25.43
1.497 16.39 25.43
1.498 16.38 25.43
1.498 16.38 25.43
1.499 16.37 25.43
1.5 16.37 25.43
1.5 16.37 25.43
1.501 16.36 25.43
1.502 16.35 25.43
1.502 16.34 25.43
1.503 16.33 25.43
1.505 16.32 25.43
1.505 16.31 25.43
1.506 16.31 25.43
1.508 16.29 25.43
1.509 16.28 25.43
1.51 16.27 25.43
1.511 16.24 25.43
1.512 16.23 25.43
1.512 16.22 25.43
1.513 16.22 25.43
1.513 16.21 25.43
1.514 16.2 25.43
1.515 16.19 25.43
1.515 16.19 25.43
1.515 16.18 25.43
1.516 16.17 25.43
1.516 16.17 25.43
1.517 16.16 25.43
1.517 16.15 25.43
1.518 16.14 25.43
1.518 16.14 25.43
1.519 16.12 25.43
1.519 16.12 25.43
1.52 16.11 25.43
1.52 16.11 25.43
1.521 16.1 25.43
1.522 16.09 25.43
1.523 16.08 25.43
1.523 16.07 25.43
1.524 16.06 25.43
1.524 16.05 25.43
1.525 16.04 25.43
1.526 16.04 25.43
1.526 16.02 25.43
1.527 16 25.43
1.528 15.99 25.43
1.529 15.99 25.43
1.53 15.98 25.43
1.53 15.97 25.43
1.53 15.96 25.43
1.531 15.96 25.43
1.532 15.96 25.43
1.532 15.95 25.43
1.533 15.95 25.43
1.534 15.94 25.43
1.535 15.93 25.43
1.535 15.92 25.43
1.536 15.91 25.43
1.537 15.9 25.43
1.538 15.9 25.43
1.539 15.9 25.43
1.54 15.89 25.43
1.54 15.88 25.43
1.541 15.88 25.43
1.542 15.87 25.43
1.543 15.87 25.43
1.544 15.86 25.43
1.544 15.86 25.43
1.545 15.86 25.43
1.546 15.86 25.43
1.547 15.85 25.43
1.548 15.85 25.43
1.549 15.84 25.43
1.55 15.82 25.43
1.55 15.82 25.43
1.551 15.81 25.43
1.552 15.79 25.43
1.553 15.78 25.43
1.554 15.77 25.43
1.556 15.75 25.43
1.557 15.72 25.43
1.558 15.71 25.43
1.559 15.7 25.43
1.56 15.68 25.43
1.561 15.67 25.43
1.562 15.67 25.43
1.562 15.67 25.43
1.563 15.66 25.43
1.564 15.65 25.43
1.564 15.63 25.43
1.565 15.63 25.43
1.567 15.6 25.43
1.568 15.6 25.43
1.569 15.59 25.43
1.57 15.58 25.43
1.57 15.57 25.43
1.571 15.55 25.43
1.572 15.55 25.43
1.573 15.54 25.43
1.573 15.53 25.43
1.573 15.52 25.43
1.575 15.51 25.43
1.576 15.51 25.43
1.576 15.5 25.43
1.577 15.5 25.43
1.577 15.49 25.43
1.578 15.49 25.43
1.58 15.48 25.43
1.582 15.46 25.43
1.583 15.45 25.43
1.584 15.45 25.43
1.585 15.44 25.43
1.586 15.43 25.43
1.587 15.42 25.43
1.587 15.42 25.43
1.588 15.42 25.43
1.588 15.41 25.43
1.589 15.41 25.43
1.59 15.41 25.43
1.591 15.4 25.43
1.592 15.39 25.43
1.593 15.39 25.43
1.594 15.38 25.43
1.595 15.37 25.43
1.596 15.37 25.43
1.597 15.36 25.43
1.598 15.35 25.43
1.599 15.34 25.43
1.601 15.33 25.43
1.603 15.32 25.43
1.604 15.3 25.43
1.605 15.28 25.43
1.606 15.26 25.43
1.607 15.24 25.43
1.609 15.23 25.43
1.611 15.2 25.43
1.612 15.2 25.43
1.613 15.18 25.43
1.614 15.18 25.43
1.615 15.16 25.43
1.616 15.15 25.43
1.616 15.15 25.43
1.617 15.14 25.43
1.617 15.13 25.43
1.618 15.12 25.43
1.62 15.11 25.43
1.621 15.09 25.43
1.622 15.08 25.43
1.624 15.06 25.43
1.625 15.04 25.43
1.626 15.04 25.43
1.629 15.02 25.43
1.631 15.01 25.43
1.632 15 25.43
1.634 14.99 25.43
1.635 14.98 25.43
1.636 14.97 25.43
1.638 14.96 25.43
1.64 14.95 25.43
1.642 14.93 25.43
1.644 14.91 25.43
1.645 14.91 25.43
1.648 14.9 25.43
1.65 14.87 25.43
1.652 14.84 25.43
1.654 14.82 25.43
1.656 14.81 25.43
1.657 14.8 25.43
1.658 14.78 25.43
1.659 14.77 25.43
1.659 14.76 25.43
1.66 14.76 25.43
1.661 14.75 25.43
1.662 14.75 25.43
1.662 14.74 25.43
1.663 14.73 25.43
1.663 14.72 25.43
1.664 14.71 25.43
1.665 14.7 25.43
1.666 14.68 25.43
1.667 14.68 25.43
1.668 14.67 25.43
1.669 14.65 25.43
1.67 14.65 25.43
1.671 14.64 25.43
1.673 14.62 25.43
1.673 14.6 25.43
1.674 14.61 25.43
1.676 14.59 25.43
1.677 14.57 25.43
1.679 14.56 25.43
1.68 14.55 25.43
1.681 14.54 25.43
1.682 14.54 25.43
1.683 14.53 25.43
1.685 14.52 25.43
1.687 14.5 25.43
1.689 14.49 25.43
1.691 14.46 25.43
1.694 14.44 25.43
1.695 14.44 25.43
1.696 14.44 25.43
1.698 14.42 25.43
1.699 14.39 25.43
1.702 14.38 25.43
1.704 14.36 25.43
1.706 14.35 25.43
1.707 14.33 25.43
1.709 14.32 25.43
1.71 14.3 25.43
1.711 14.3 25.43
1.712 14.29 25.43
1.712 14.29 25.43
1.713 14.28 25.43
1.713 14.27 25.43
1.713 14.28 25.43
1.713 14.27 25.43
1.713 14.27 25.43
1.714 14.27 25.43
1.714 14.26 25.43
1.714 14.25 25.43
1.715 14.25 25.43
1.715 14.24 25.43
1.715 14.24 25.43
1.717 14.22 25.43
1.719 14.19 25.43
1.722 14.18 25.43
1.725 14.15 25.43
1.727 14.12 25.43
1.728 14.12 25.43
1.729 14.11 25.43
1.731 14.09 25.43
1.733 14.08 25.43
1.735 14.06 25.43
1.736 14.05 25.43
1.738 14.04 25.43
1.74 14.02 25.43
1.741 14 25.43
1.742 14 25.43
1.743 13.99 25.43
1.744 13.99 25.43
1.745 13.99 25.43
1.747 13.96 25.43
1.748 13.96 25.43
1.749 13.96 25.43
1.75 13.95 25.43
1.751 13.95 25.43
1.752 13.93 25.43
1.752 13.93 25.43
1.753 13.93 25.43
1.753 13.92 25.43
1.754 13.92 25.43
1.754 13.92 25.43
1.755 13.91 25.43
1.755 13.9 25.43
1.755 13.9 25.42
1.755 13.9 25.42
1.756 13.9 25.42
1.757 13.89 25.42
1.758 13.89 25.43
1.76 13.88 25.42
1.761 13.86 25.42
1.762 13.85 25.42
1.763 13.84 25.42
1.764 13.83 25.42
1.765 13.83 25.42
1.766 13.82 25.42
1.767 13.8 25.42
1.769 13.79 25.42
1.769 13.78 25.42
1.769 13.78 25.42
1.77 13.78 25.42
1.771 13.78 25.42
1.771 13.76 25.42
1.772 13.75 25.42
1.773 13.74 25.42
1.774 13.74 25.42
1.774 13.73 25.42
1.775 13.73 25.42
1.776 13.71 25.42
1.778 13.71 25.42
1.779 13.68 25.42
1.78 13.67 25.42
1.782 13.66 25.42
1.783 13.64 25.42
1.785 13.63 25.42
1.785 13.63 25.42
1.786 13.61 25.42
1.787 13.61 25.42
1.788 13.61 25.42
1.789 13.6 25.42
1.791 13.58 25.42
1.793 13.57 25.42
1.796 13.55 25.42
1.799 13.53 25.42
1.8 13.52 25.42
1.802 13.52 25.42
1.804 13.5 25.42
1.805 13.49 25.42
1.807 13.48 25.42
1.808 13.48 25.42
1.808 13.47 25.42
1.81 13.46 25.42
1.811 13.46 25.42
1.812 13.45 25.42
1.813 13.43 25.42
1.814 13.43 25.42
1.815 13.42 25.42
1.817 13.41 25.42
1.819 13.39 25.42
1.82 13.38 25.42
1.82 13.38 25.42
1.82 13.38 25.42
1.821 13.37 25.42
1.822 13.37 25.42
1.823 13.36 25.42
1.823 13.36 25.42
1.824 13.35 25.42
1.824 13.34 25.42
1.825 13.33 25.42
1.826 13.32 25.42
1.826 13.32 25.42
1.827 13.32 25.42
1.828 13.32 25.42
1.829 13.31 25.42
1.83 13.3 25.42
1.83 13.3 25.42
1.831 13.29 25.42
1.832 13.27 25.42
1.832 13.27 25.42
1.833 13.27 25.42
1.834 13.26 25.42
1.835 13.25 25.42
1.835 13.25 25.42
1.836 13.24 25.42
1.836 13.24 25.42
1.837 13.22 25.42
1.838 13.22 25.42
1.839 13.21 25.42
1.84 13.21 25.42
1.842 13.19 25.42
1.844 13.17 25.42
1.845 13.16 25.42
1.847 13.15 25.42
1.848 13.14 25.42
1.849 13.13 25.42
1.849 13.13 25.42
1.85 13.12 25.42
1.851 13.12 25.42
1.852 13.11 25.42
1.854 13.11 25.42
1.856 13.1 25.42
1.857 13.09 25.42
1.858 13.08 25.42
1.86 13.06 25.42
1.862 13.05 25.42
1.864 13.04 25.42
1.867 13.03 25.42
1.869 13.01 25.42
1.871 13 25.42
1.874 12.98 25.42
1.876 12.96 25.42
1.878 12.95 25.42
1.88 12.94 25.42
1.881 12.92 25.42
1.883 12.91 25.42
1.885 12.91 25.42
1.886 12.9 25.42
1.887 12.89 25.42
1.889 12.87 25.42
1.891 12.87 25.42
1.891 12.86 25.42
1.892 12.85 25.42
1.893 12.85 25.42
1.893 12.85 25.42
1.894 12.84 25.42
1.895 12.84 25.42
1.896 12.82 25.42
1.897 12.81 25.42
1.898 12.81 25.42
1.899 12.79 25.42
1.9 12.79 25.42
1.901 12.78 25.42
1.902 12.78 25.42
1.902 12.78 25.42
1.903 12.76 25.42
1.904 12.75 25.42
1.906 12.73 25.42
1.907 12.71 25.42
1.908 12.7 25.42
1.911 12.7 25.42
1.913 12.69 25.42
1.916 12.67 25.42
1.917 12.66 25.42
1.918 12.66 25.42
1.919 12.65 25.42
1.922 12.64 25.42
1.924 12.62 25.42
1.927 12.6 25.42
1.929 12.6 25.42
1.93 12.59 25.42
1.932 12.57 25.42
1.934 12.56 25.42
1.937 12.54 25.42
1.94 12.54 25.42
1.942 12.51 25.42
1.944 12.5 25.42
1.946 12.49 25.42
1.949 12.47 25.42
1.951 12.45 25.42
1.954 12.44 25.42
1.956 12.42 25.42
1.957 12.4 25.42
1.959 12.39 25.42
1.96 12.38 25.42
1.962 12.37 25.42
1.963 12.36 25.42
1.965 12.34 25.42
1.966 12.33 25.42
1.967 12.33 25.42
1.968 12.33 25.42
1.969 12.32 25.42
1.969 12.32 25.42
1.97 12.31 25.42
1.971 12.29 25.42
1.973 12.28 25.42
1.974 12.28 25.42
1.976 12.27 25.42
1.977 12.25 25.42
1.979 12.23 25.42
1.98 12.23 25.42
1.981 12.21 25.42
1.982 12.21 25.42
1.983 12.2 25.42
1.984 12.2 25.42
1.985 12.19 25.42
1.987 12.18 25.42
1.988 12.17 25.42
1.99 12.17 25.42
1.99 12.17 25.42
1.991 12.16 25.42
1.993 12.15 25.42
1.994 12.15 25.42
1.996 12.13 25.42
1.998 12.12 25.42
1.999 12.11 25.42
2.001 12.11 25.42
2.002 12.1 25.42
2.004 12.09 25.42
2.006 12.07 25.42
2.009 12.06 25.42
2.011 12.05 25.42
2.013 12.03 25.42
2.015 12.02 25.42
2.017 12.01 25.42
2.019 12 25.42
2.02 12 25.42
2.021 11.99 25.42
2.022 11.97 25.42
2.024 11.97 25.42
2.025 11.96 25.42
2.027 11.96 25.42
2.029 11.94 25.42
2.031 11.93 25.42
2.031 11.92 25.42
2.033 11.91 25.42
2.034 11.9 25.42
2.035 11.9 25.42
2.037 11.89 25.42
2.038 11.87 25.42
2.04 11.86 25.42
2.041 11.86 25.42
2.042 11.85 25.42
2.043 11.86 25.42
2.044 11.85 25.42
2.046 11.83 25.42
2.047 11.82 25.42
2.049 11.81 25.42
2.05 11.79 25.42
2.052 11.77 25.42
2.054 11.77 25.42
2.055 11.76 25.42
2.056 11.75 25.42
2.057 11.75 25.42
2.058 11.73 25.42
2.059 11.73 25.41
2.06 11.72 25.41
2.061 11.72 25.41
2.062 11.71 25.41
2.062 11.71 25.41
2.063 11.71 25.41
2.063 11.71 25.41
2.064 11.71 25.41
2.065 11.7 25.41
2.066 11.7 25.41
2.068 11.7 25.41
2.07 11.67 25.41
2.072 11.66 25.41
2.076 11.65 25.41
2.08 11.63 25.41
2.083 11.61 25.41
2.085 11.6 25.41
2.087 11.6 25.41
2.09 11.59 25.41
2.091 11.57 25.41
2.093 11.56 25.41
2.095 11.55 25.41
2.097 11.55 25.41
2.099 11.54 25.41
2.102 11.51 25.41
2.104 11.5 25.41
2.106 11.48 25.41
2.109 11.46 25.41
2.112 11.46 25.41
2.113 11.45 25.41
2.114 11.45 25.41
2.115 11.44 25.41
2.116 11.43 25.41
2.117 11.42 25.41
2.118 11.41 25.41
2.119 11.41 25.41
2.12 11.4 25.41
2.122 11.39 25.41
2.123 11.38 25.41
2.125 11.38 25.41
2.127 11.36 25.41
2.129 11.35 25.41
2.132 11.34 25.41
2.134 11.32 25.41
2.137 11.3 25.41
2.14 11.28 25.41
2.142 11.26 25.41
2.144 11.26 25.41
2.144 11.26 25.41
2.146 11.25 25.41
2.147 11.24 25.41
2.149 11.24 25.41
2.15 11.23 25.41
2.152 11.22 25.41
2.153 11.22 25.41
2.155 11.2 25.41
2.159 11.2 25.41
2.162 11.17 25.41
2.166 11.16 25.41
2.169 11.15 25.41
2.171 11.13 25.41
2.174 11.12 25.41
2.176 11.11 25.41
2.177 11.11 25.41
2.179 11.1 25.41
2.18 11.09 25.41
2.182 11.07 25.41
2.185 11.06 25.41
2.187 11.05 25.41
2.19 11.03 25.41
2.193 11.01 25.41
2.196 11 25.41
2.198 11 25.41
2.199 10.99 25.41
2.199 10.98 25.41
2.2 10.97 25.41
2.2 10.96 25.41
2.201 10.96 25.41
2.202 10.95 25.41
2.202 10.95 25.41
2.204 10.95 25.41
2.206 10.93 25.41
2.207 10.93 25.41
2.209 10.92 25.41
2.21 10.9 25.41
2.211 10.9 25.41
2.213 10.9 25.41
2.215 10.89 25.41
2.217 10.87 25.41
2.218 10.86 25.41
2.221 10.84 25.41
2.223 10.83 25.41
2.225 10.82 25.41
2.227 10.81 25.41
2.228 10.8 25.41
2.229 10.79 25.41
2.23 10.79 25.41
2.231 10.79 25.41
2.232 10.79 25.41
2.233 10.78 25.41
2.235 10.77 25.41
2.236 10.75 25.41
2.238 10.75 25.41
2.24 10.74 25.41
2.243 10.74 25.41
2.245 10.72 25.41
2.248 10.71 25.41
2.252 10.69 25.41
2.255 10.68 25.41
2.257 10.67 25.41
2.26 10.66 25.41
2.262 10.64 25.41
2.264 10.64 25.41
2.266 10.63 25.41
2.267 10.63 25.41
2.269 10.61 25.41
2.27 10.6 25.41
2.271 10.6 25.41
2.273 10.6 25.41
2.273 10.59 25.41
2.274 10.58 25.41
2.275 10.59 25.41
2.277 10.57 25.41
2.278 10.57 25.41
2.28 10.56 25.41
2.282 10.54 25.41
2.285 10.54 25.41
2.287 10.52 25.41
2.289 10.52 25.41
2.292 10.5 25.41
2.293 10.5 25.41
2.295 10.49 25.41
2.296 10.49 25.41
2.298 10.47 25.41
2.301 10.46 25.41
2.302 10.45 25.41
2.304 10.45 25.41
2.306 10.44 25.41
2.308 10.43 25.41
2.31 10.41 25.41
2.312 10.4 25.41
2.314 10.39 25.41
2.317 10.38 25.41
2.319 10.36 25.41
2.322 10.35 25.41
2.323 10.34 25.41
2.324 10.34 25.41
2.325 10.34 25.41
2.326 10.34 25.41
2.327 10.33 25.41
2.329 10.31 25.41
2.332 10.3 25.41
2.335 10.3 25.41
2.336 10.29 25.41
2.338 10.28 25.41
2.34 10.27 25.41
2.343 10.26 25.41
2.346 10.25 25.41
2.349 10.24 25.41
2.352 10.22 25.41
2.356 10.2 25.41
2.358 10.2 25.41
2.361 10.2 25.41
2.364 10.18 25.41
2.367 10.17 25.41
2.37 10.16 25.41
2.372 10.15 25.41
2.374 10.15 25.41
2.376 10.13 25.41
2.378 10.12 25.41
2.378 10.11 25.41
2.379 10.11 25.41
2.381 10.1 25.41
2.382 10.09 25.41
2.384 10.07 25.41
2.387 10.06 25.41
2.391 10.05 25.41
2.394 10.05 25.41
2.396 10.03 25.41
2.398 10.03 25.41
2.4 10.01 25.41
2.402 10 25.41
2.403 10 25.41
2.406 9.99 25.41
2.408 9.99 25.41
2.411 9.96 25.41
2.414 9.95 25.41
2.416 9.94 25.41
2.418 9.93 25.41
2.42 9.92 25.41
2.422 9.91 25.41
2.422 9.91 25.41
2.423 9.9 25.41
2.424 9.89 25.41
2.424 9.89 25.41
2.425 9.88 25.41
2.428 9.87 25.41
2.431 9.85 25.41
2.435 9.84 25.41
2.439 9.84 25.41
2.443 9.83 25.41
2.446 9.81 25.41
2.447 9.8 25.41
2.449 9.79 25.41
2.452 9.78 25.41
2.453 9.77 25.41
2.456 9.76 25.41
2.458 9.75 25.41
2.461 9.74 25.41
2.463 9.74 25.41
2.464 9.74 25.41
2.467 9.73 25.41
2.47 9.72 25.41
2.472 9.71 25.41
2.474 9.7 25.41
2.475 9.69 25.41
2.477 9.69 25.41
2.479 9.69 25.41
2.482 9.67 25.41
2.485 9.65 25.41
2.488 9.65 25.41
2.49 9.64 25.41
2.491 9.63 25.41
2.492 9.62 25.41
2.494 9.62 25.41
2.495 9.62 25.41
2.497 9.59 25.41
2.498 9.59 25.41
2.499 9.59 25.41
2.5 9.58 25.41
2.501 9.58 25.41
2.503 9.58 25.41
2.505 9.57 25.41
2.506 9.56 25.41
2.508 9.55 25.41
2.51 9.54 25.41
2.512 9.53 25.41
2.515 9.52 25.41
2.516 9.51 25.41
2.518 9.5 25.41
2.52 9.5 25.41
2.523 9.49 25.41
2.526 9.48 25.41
2.529 9.45 25.41
2.531 9.45 25.41
2.533 9.43 25.41
2.537 9.42 25.41
2.54 9.41 25.41
2.543 9.38 25.41
2.545 9.38 25.41
2.547 9.37 25.41
2.548 9.37 25.41
2.55 9.36 25.41
2.551 9.35 25.41
2.554 9.34 25.41
2.555 9.34 25.41
2.556 9.33 25.41
2.557 9.33 25.41
2.559 9.33 25.41
2.56 9.32 25.41
2.562 9.32 25.41
2.565 9.32 25.41
2.568 9.3 25.41
2.572 9.29 25.41
2.574 9.27 25.41
2.576 9.27 25.41
2.578 9.26 25.41
2.58 9.26 25.41
2.583 9.25 25.41
2.586 9.24 25.41
2.59 9.22 25.41
2.593 9.21 25.41
2.596 9.21 25.41
2.599 9.21 25.41
2.601 9.19 25.41
2.605 9.18 25.41
2.608 9.18 25.41
2.611 9.16 25.41
2.614 9.16 25.41
2.617 9.14 25.41
2.618 9.12 25.41
2.62 9.12 25.41
2.624 9.11 25.41
2.628 9.08 25.41
2.632 9.08 25.41
2.636 9.07 25.41
2.64 9.05 25.41
2.643 9.04 25.41
2.646 9.03 25.41
2.65 9.02 25.41
2.653 9 25.41
2.656 8.98 25.41
2.659 8.96 25.41
2.664 8.94 25.41
2.667 8.92 25.41
2.671 8.91 25.41
2.673 8.9 25.41
2.675 8.9 25.41
2.677 8.89 25.41
2.679 8.87 25.41
2.682 8.86 25.41
2.685 8.86 25.41
2.688 8.85 25.41
2.69 8.85 25.41
2.692 8.84 25.41
2.693 8.82 25.41
2.696 8.82 25.41
2.698 8.81 25.41
2.7 8.81 25.41
2.703 8.81 25.41
2.706 8.8 25.41
2.709 8.79 25.41
2.711 8.78 25.41
2.714 8.77 25.41
2.716 8.76 25.41
2.717 8.76 25.41
2.718 8.75 25.41
2.72 8.75 25.41
2.723 8.75 25.41
2.727 8.74 25.41
2.729 8.72 25.41
2.729 8.73 25.41
2.73 8.72 25.41
2.732 8.72 25.41
2.734 8.71 25.41
2.734 8.71 25.41
2.737 8.71 25.41
2.74 8.69 25.4
2.745 8.68 25.4
2.749 8.67 25.41
2.753 8.66 25.41
2.755 8.65 25.41
2.758 8.64 25.4
2.761 8.62 25.4
2.764 8.61 25.4
2.766 8.6 25.4
2.768 8.59 25.4
2.771 8.58 25.4
2.774 8.58 25.4
2.778 8.56 25.4
2.782 8.55 25.4
2.785 8.55 25.4
2.788 8.52 25.4
2.79 8.53 25.4
2.794 8.51 25.4
2.795 8.5 25.4
2.798 8.48 25.4
2.804 8.46 25.4
2.808 8.45 25.4
2.811 8.44 25.4
2.815 8.42 25.4
2.819 8.41 25.4
2.824 8.41 25.4
2.826 8.39 25.4
2.828 8.39 25.4
2.829 8.39 25.4
2.832 8.37 25.4
2.835 8.36 25.4
2.838 8.36 25.4
2.839 8.36 25.4
2.843 8.35 25.4
2.847 8.33 25.4
2.85 8.32 25.4
2.853 8.32 25.4
2.856 8.31 25.4
2.859 8.3 25.4
2.861 8.3 25.4
2.863 8.29 25.4
2.865 8.29 25.4
2.865 8.28 25.4
2.866 8.29 25.4
2.869 8.27 25.4
2.873 8.26 25.4
2.876 8.26 25.4
2.881 8.24 25.4
2.885 8.24 25.4
2.887 8.22 25.4
2.891 8.21 25.4
2.893 8.21 25.4
2.896 8.2 25.4
2.899 8.2 25.4
2.902 8.19 25.4
2.906 8.17 25.4
2.91 8.15 25.4
2.914 8.14 25.4
2.916 8.13 25.4
2.919 8.12 25.4
2.923 8.11 25.4
2.927 8.1 25.4
2.93 8.09 25.4
2.932 8.08 25.4
2.934 8.08 25.4
2.937 8.06 25.4
2.941 8.05 25.4
2.944 8.05 25.4
2.945 8.04 25.4
2.946 8.03 25.4
2.949 8.01 25.4
2.951 8.01 25.4
2.954 8 25.4
2.956 7.99 25.4
2.959 8 25.4
2.961 7.99 25.4
2.964 7.98 25.4
2.967 7.97 25.4
2.969 7.96 25.4
2.972 7.96 25.4
2.976 7.95 25.4
2.982 7.93 25.4
2.986 7.92 25.4
2.988 7.91 25.4
2.992 7.91 25.4
2.994 7.9 25.4
2.996 7.9 25.4
2.998 7.88 25.4
3.002 7.88 25.4
3.005 7.88 25.4
3.009 7.86 25.4
3.015 7.85 25.4
3.022 7.83 25.4
3.029 7.81 25.4
3.032 7.8 25.4
3.036 7.8 25.4
3.043 7.78 25.4
3.047 7.76 25.4
3.052 7.76 25.4
3.056 7.75 25.4
3.062 7.75 25.4
3.069 7.72 25.4
3.075 7.7 25.4
3.078 7.7 25.4
3.082 7.68 25.4
3.087 7.66 25.4
3.093 7.64 25.4
3.097 7.64 25.4
3.101 7.62 25.4
3.107 7.61 25.4
3.114 7.59 25.4
3.121 7.57 25.4
3.126 7.55 25.4
3.132 7.53 25.4
3.139 7.51 25.4
3.144 7.5 25.4
3.15 7.49 25.4
3.155 7.47 25.4
3.16 7.45 25.4
3.164 7.45 25.4
3.168 7.43 25.4
3.173 7.42 25.4
3.178 7.41 25.4
3.184 7.4 25.4
3.19 7.39 25.4
3.196 7.38 25.4
3.202 7.36 25.4
3.208 7.35 25.4
3.212 7.34 25.4
3.215 7.33 25.4
3.216 7.32 25.4
3.219 7.31 25.4
3.224 7.3 25.4
3.227 7.3 25.4
3.23 7.29 25.4
3.232 7.29 25.4
3.234 7.28 25.4
3.235 7.28 25.4
3.236 7.28 25.4
3.238 7.28 25.4
3.241 7.26 25.4
3.244 7.26 25.4
3.248 7.24 25.4
3.251 7.23 25.4
3.255 7.23 25.4
3.258 7.23 25.4
3.26 7.21 25.4
3.262 7.22 25.4
3.264 7.2 25.4
3.266 7.2 25.4
3.268 7.19 25.4
3.269 7.19 25.4
3.27 7.18 25.4
3.271 7.18 25.4
3.273 7.18 25.4
3.278 7.16 25.4
3.282 7.16 25.4
3.285 7.15 25.4
3.287 7.15 25.4
3.292 7.13 25.4
3.296 7.12 25.4
3.301 7.11 25.4
3.307 7.09 25.4
3.314 7.07 25.4
3.32 7.05 25.4
3.325 7.04 25.4
3.33 7.03 25.4
3.335 7.01 25.4
3.34 7 25.4
3.346 6.99 25.4
3.352 6.98 25.4
3.356 6.96 25.4
3.361 6.96 25.4
3.365 6.95 25.4
3.368 6.94 25.4
3.371 6.93 25.4
3.375 6.93 25.4
3.378 6.91 25.4
3.381 6.91 25.4
3.385 6.9 25.4
3.389 6.89 25.4
3.394 6.88 25.4
3.399 6.87 25.4
3.404 6.86 25.4
3.407 6.86 25.4
3.41 6.85 25.4
3.413 6.84 25.4
3.417 6.84 25.4
3.419 6.83 25.4
3.421 6.83 25.4
3.423 6.82 25.4
3.427 6.81 25.4
3.432 6.8 25.4
3.434 6.8 25.4
3.436 6.8 25.4
3.439 6.79 25.4
3.442 6.78 25.4
3.445 6.78 25.4
3.449 6.78 25.4
3.452 6.77 25.4
3.457 6.76 25.4
3.461 6.75 25.4
3.463 6.74 25.4
3.464 6.74 25.4
3.466 6.73 25.4
3.469 6.72 25.4
3.473 6.72 25.4
3.475 6.71 25.4
3.478 6.7 25.4
3.483 6.69 25.4
3.488 6.68 25.4
3.493 6.67 25.4
3.499 6.66 25.4
3.507 6.63 25.4
3.514 6.62 25.4
3.521 6.61 25.4
3.526 6.59 25.4
3.531 6.58 25.4
3.537 6.57 25.4
3.542 6.56 25.4
3.546 6.55 25.4
3.553 6.52 25.4
3.56 6.52 25.4
3.562 6.51 25.4
3.566 6.51 25.4
3.572 6.5 25.4
3.578 6.48 25.4
3.584 6.47 25.4
3.589 6.47 25.4
3.594 6.46 25.4
3.602 6.45 25.4
3.609 6.43 25.4
3.615 6.42 25.4
3.623 6.41 25.4
3.629 6.4 25.4
3.635 6.39 25.4
3.641 6.38 25.4
3.645 6.37 25.4
3.648 6.36 25.4
3.652 6.36 25.4
3.657 6.35 25.4
3.661 6.35 25.4
3.667 6.33 25.4
3.673 6.32 25.4
3.683 6.31 25.4
