1.15 22.19 35.3
1.15 22.19 35.3
1.151 22.19 35.3
1.151 22.18 35.3
1.151 22.18 35.3
1.151 22.17 35.3
1.151 22.17 35.3
1.152 22.16 35.3
1.152 22.16 35.3
1.152 22.16 35.3
1.152 22.16 35.3
1.152 22.15 35.3
1.152 22.15 35.31
1.153 22.14 35.31
1.153 22.13 35.31
1.153 22.13 35.31
1.153 22.13 35.31
1.153 22.12 35.31
1.154 22.12 35.31
1.154 22.11 35.31
1.155 22.11 35.31
1.155 22.1 35.31
1.156 22.09 35.31
1.157 22.07 35.31
1.157 22.07 35.31
1.158 22.06 35.31
1.158 22.05 35.31
1.159 22.04 35.31
1.16 22.03 35.31
1.16 22.01 35.32
1.16 22.01 35.32
1.161 21.99 35.32
1.162 21.98 35.32
1.163 21.96 35.32
1.163 21.94 35.32
1.164 21.93 35.32
1.165 21.93 35.32
1.165 21.91 35.32
1.166 21.9 35.32
1.166 21.89 35.32
1.167 21.87 35.32
1.167 21.86 35.32
1.168 21.85 35.32
1.168 21.84 35.32
1.169 21.82 35.32
1.17 21.81 35.32
1.17 21.81 35.32
1.17 21.8 35.33
1.171 21.79 35.33
1.171 21.78 35.33
1.171 21.77 35.33
1.172 21.76 35.33
1.173 21.75 35.33
1.173 21.74 35.33
1.174 21.73 35.33
1.174 21.72 35.33
1.175 21.71 35.33
1.175 21.7 35.33
1.176 21.69 35.33
1.176 21.68 35.33
1.176 21.68 35.33
1.177 21.67 35.33
1.177 21.67 35.33
1.177 21.67 35.33
1.177 21.66 35.33
1.178 21.65 35.33
1.179 21.64 35.33
1.179 21.64 35.33
1.179 21.64 35.34
1.178 21.64 35.34
1.179 21.64 35.34
1.179 21.63 35.34
1.179 21.63 35.34
1.179 21.63 35.34
1.18 21.62 35.34
1.18 21.6 35.34
1.181 21.6 35.34
1.181 21.59 35.34
1.182 21.58 35.34
1.183 21.57 35.34
1.183 21.56 35.34
1.184 21.55 35.34
1.184 21.55 35.34
1.184 21.54 35.34
1.185 21.54 35.34
1.185 21.52 35.34
1.186 21.51 35.34
1.187 21.49 35.34
1.187 21.48 35.34
1.188 21.47 35.35
1.188 21.46 35.35
1.189 21.45 35.35
1.189 21.44 35.35
1.189 21.44 35.35
1.189 21.44 35.35
1.19 21.43 35.35
1.191 21.42 35.35
1.191 21.41 35.35
1.192 21.4 35.35
1.192 21.39 35.35
1.193 21.38 35.35
1.193 21.38 35.35
1.193 21.38 35.35
1.193 21.37 35.35
1.194 21.37 35.35
1.194 21.36 35.35
1.195 21.35 35.35
1.195 21.33 35.35
1.196 21.32 35.35
1.197 21.32 35.35
1.197 21.31 35.35
1.197 21.3 35.35
1.198 21.29 35.35
1.198 21.28 35.35
1.198 21.28 35.35
1.199 21.27 35.36
1.199 21.26 35.36
1.2 21.25 35.36
1.2 21.24 35.36
1.201 21.23 35.36
1.202 21.21 35.36
1.203 21.2 35.36
1.203 21.2 35.36
1.204 21.19 35.36
1.204 21.17 35.36
1.206 21.15 35.36
1.206 21.14 35.36
1.207 21.14 35.36
1.207 21.13 35.36
1.208 21.11 35.36
1.209 21.1 35.36
1.209 21.1 35.36
1.209 21.09 35.36
1.21 21.09 35.36
1.21 21.07 35.36
1.211 21.07 35.36
1.212 21.06 35.36
1.212 21.05 35.36
1.212 21.04 35.36
1.213 21.03 35.36
1.214 21 35.36
1.215 20.99 35.36
1.216 20.97 35.36
1.217 20.96 35.36
1.217 20.94 35.36
1.218 20.93 35.36
1.219 20.92 35.36
1.219 20.92 35.36
1.219 20.92 35.36
1.219 20.91 35.37
1.219 20.91 35.37
1.219 20.91 35.37
1.219 20.91 35.37
1.219 20.91 35.37
1.219 20.91 35.37
1.219 20.91 35.37
1.219 20.9 35.37
1.219 20.9 35.37
1.219 20.9 35.37
1.22 20.89 35.37
1.22 20.88 35.37
1.221 20.87 35.37
1.221 20.87 35.37
1.221 20.87 35.37
1.221 20.86 35.37
1.222 20.85 35.37
1.222 20.84 35.37
1.223 20.84 35.37
1.223 20.83 35.37
1.223 20.82 35.37
1.224 20.8 35.37
1.225 20.79 35.37
1.226 20.77 35.37
1.227 20.76 35.37
1.227 20.76 35.37
1.228 20.74 35.37
1.229 20.73 35.37
1.229 20.73 35.37
1.23 20.71 35.37
1.231 20.7 35.37
1.232 20.69 35.37
1.232 20.68 35.37
1.232 20.67 35.37
1.233 20.67 35.37
1.234 20.65 35.37
1.234 20.64 35.37
1.235 20.62 35.37
1.236 20.61 35.37
1.236 20.61 35.37
1.237 20.6 35.37
1.237 20.6 35.37
1.237 20.6 35.37
1.238 20.59 35.37
1.238 20.59 35.37
1.238 20.58 35.37
1.238 20.58 35.37
1.238 20.58 35.37
1.238 20.58 35.37
1.238 20.58 35.37
1.238 20.58 35.37
1.239 20.57 35.37
1.24 20.55 35.37
1.241 20.54 35.37
1.242 20.52 35.37
1.242 20.51 35.37
1.243 20.5 35.37
1.243 20.49 35.37
1.244 20.48 35.37
1.245 20.46 35.37
1.246 20.45 35.37
1.247 20.44 35.37
1.248 20.43 35.38
1.248 20.42 35.38
1.249 20.4 35.38
1.249 20.39 35.38
1.251 20.37 35.38
1.251 20.36 35.38
1.252 20.34 35.38
1.253 20.32 35.38
1.254 20.31 35.38
1.255 20.29 35.38
1.256 20.28 35.38
1.257 20.25 35.38
1.258 20.23 35.38
1.259 20.22 35.38
1.26 20.2 35.38
1.26 20.19 35.38
1.261 20.18 35.38
1.262 20.17 35.38
1.263 20.16 35.38
1.263 20.15 35.38
1.263 20.15 35.38
1.264 20.14 35.38
1.264 20.13 35.38
1.264 20.12 35.38
1.265 20.12 35.38
1.265 20.11 35.38
1.266 20.11 35.38
1.266 20.1 35.38
1.267 20.09 35.38
1.268 20.08 35.38
1.269 20.06 35.38
1.27 20.03 35.38
1.271 20.02 35.38
1.272 20 35.38
1.273 19.99 35.38
1.274 19.97 35.38
1.275 19.96 35.38
1.276 19.94 35.38
1.277 19.93 35.38
1.278 19.91 35.38
1.278 19.91 35.38
1.279 19.9 35.38
1.279 19.88 35.38
1.28 19.87 35.38
1.28 19.87 35.38
1.281 19.85 35.38
1.281 19.84 35.38
1.282 19.84 35.38
1.282 19.83 35.38
1.283 19.82 35.38
1.283 19.82 35.38
1.284 19.81 35.38
1.285 19.79 35.38
1.286 19.78 35.38
1.286 19.77 35.38
1.287 19.76 35.38
1.287 19.75 35.38
1.288 19.74 35.38
1.289 19.73 35.38
1.29 19.71 35.38
1.29 19.71 35.38
1.291 19.7 35.38
1.291 19.69 35.38
1.292 19.69 35.38
1.292 19.68 35.39
1.292 19.68 35.39
1.294 19.66 35.39
1.294 19.65 35.39
1.295 19.64 35.39
1.295 19.63 35.39
1.296 19.63 35.39
1.297 19.62 35.39
1.298 19.6 35.39
1.299 19.59 35.39
1.3 19.56 35.39
1.301 19.54 35.39
1.302 19.53 35.39
1.302 19.52 35.39
1.303 19.51 35.39
1.303 19.51 35.39
1.303 19.5 35.39
1.304 19.5 35.39
1.304 19.49 35.39
1.304 19.49 35.39
1.305 19.48 35.39
1.305 19.48 35.39
1.306 19.47 35.39
1.306 19.46 35.39
1.307 19.46 35.39
1.307 19.45 35.39
1.307 19.44 35.39
1.308 19.43 35.39
1.308 19.42 35.39
1.309 19.41 35.39
1.309 19.4 35.39
1.31 19.39 35.39
1.311 19.38 35.39
1.312 19.37 35.39
1.313 19.35 35.39
1.313 19.33 35.39
1.314 19.32 35.39
1.315 19.32 35.39
1.315 19.31 35.39
1.316 19.3 35.39
1.317 19.29 35.39
1.317 19.28 35.39
1.317 19.28 35.39
1.318 19.26 35.39
1.318 19.26 35.39
1.319 19.25 35.39
1.319 19.24 35.39
1.32 19.24 35.39
1.32 19.23 35.39
1.321 19.22 35.39
1.321 19.22 35.39
1.322 19.21 35.39
1.322 19.2 35.39
1.323 19.2 35.39
1.323 19.19 35.39
1.324 19.18 35.39
1.325 19.17 35.39
1.325 19.16 35.39
1.326 19.16 35.39
1.326 19.15 35.39
1.327 19.14 35.39
1.327 19.13 35.39
1.328 19.13 35.39
1.329 19.12 35.39
1.329 19.11 35.39
1.33 19.1 35.39
1.331 19.09 35.39
1.332 19.06 35.39
1.333 19.04 35.39
1.334 19.02 35.39
1.335 19.01 35.39
1.336 19 35.39
1.337 18.99 35.39
1.337 18.98 35.39
1.338 18.97 35.39
1.338 18.97 35.39
1.339 18.96 35.39
1.339 18.95 35.39
1.34 18.94 35.39
1.34 18.94 35.39
1.34 18.93 35.39
1.341 18.92 35.39
1.341 18.92 35.39
1.341 18.92 35.39
1.342 18.9 35.39
1.343 18.89 35.39
1.344 18.88 35.39
1.344 18.87 35.39
1.345 18.86 35.39
1.346 18.86 35.39
1.346 18.85 35.39
1.347 18.83 35.39
1.348 18.82 35.39
1.348 18.82 35.39
1.349 18.81 35.39
1.35 18.79 35.39
1.351 18.77 35.39
1.352 18.76 35.39
1.353 18.75 35.39
1.354 18.74 35.39
1.355 18.73 35.39
1.355 18.72 35.39
1.356 18.72 35.39
1.356 18.71 35.39
1.357 18.7 35.39
1.357 18.69 35.39
1.358 18.69 35.39
1.358 18.68 35.39
1.358 18.68 35.39
1.359 18.68 35.39
1.359 18.68 35.39
1.359 18.67 35.39
1.359 18.67 35.39
1.36 18.66 35.39
1.361 18.65 35.39
1.362 18.64 35.39
1.362 18.63 35.39
1.362 18.62 35.39
1.363 18.61 35.39
1.364 18.6 35.39
1.365 18.58 35.39
1.366 18.57 35.39
1.366 18.57 35.39
1.366 18.56 35.39
1.367 18.55 35.39
1.368 18.54 35.39
1.368 18.54 35.39
1.369 18.53 35.39
1.369 18.53 35.39
1.37 18.52 35.39
1.37 18.51 35.39
1.37 18.5 35.39
1.37 18.5 35.39
1.371 18.5 35.39
1.371 18.49 35.39
1.372 18.48 35.39
1.372 18.47 35.39
1.373 18.47 35.39
1.373 18.46 35.39
1.374 18.45 35.39
1.374 18.44 35.39
1.375 18.44 35.39
1.375 18.43 35.39
1.376 18.42 35.39
1.376 18.4 35.39
1.378 18.39 35.39
1.379 18.38 35.39
1.38 18.37 35.39
1.381 18.36 35.39
1.381 18.34 35.39
1.382 18.34 35.39
1.383 18.33 35.39
1.384 18.32 35.39
1.385 18.31 35.39
1.385 18.3 35.39
1.385 18.3 35.39
1.386 18.29 35.39
1.387 18.29 35.39
1.388 18.27 35.39
1.389 18.26 35.39
1.39 18.25 35.39
1.39 18.24 35.39
1.391 18.23 35.39
1.392 18.22 35.39
1.393 18.21 35.39
1.393 18.21 35.39
1.394 18.2 35.39
1.395 18.19 35.39
1.396 18.17 35.39
1.397 18.16 35.39
1.398 18.15 35.39
1.399 18.11 35.39
1.401 18.1 35.39
1.402 18.08 35.39
1.402 18.08 35.39
1.403 18.07 35.39
1.404 18.06 35.39
1.404 18.05 35.39
1.404 18.04 35.39
1.405 18.03 35.39
1.406 18.02 35.39
1.407 18.01 35.39
1.408 18 35.39
1.408 18 35.39
1.408 17.99 35.39
1.409 17.98 35.39
1.41 17.97 35.39
1.41 17.96 35.39
1.411 17.96 35.39
1.413 17.92 35.39
1.415 17.9 35.39
1.416 17.89 35.39
1.417 17.88 35.39
1.419 17.86 35.39
1.421 17.84 35.39
1.422 17.82 35.39
1.424 17.8 35.39
1.426 17.78 35.39
1.427 17.76 35.39
1.429 17.75 35.39
1.43 17.73 35.39
1.431 17.72 35.39
1.432 17.71 35.39
1.433 17.7 35.39
1.434 17.67 35.39
1.436 17.66 35.39
1.436 17.64 35.39
1.437 17.64 35.39
1.438 17.63 35.39
1.438 17.62 35.39
1.438 17.61 35.39
1.438 17.61 35.39
1.438 17.61 35.39
1.439 17.61 35.39
1.439 17.6 35.39
1.439 17.6 35.39
1.44 17.59 35.39
1.44 17.59 35.39
1.44 17.58 35.39
1.44 17.58 35.39
1.441 17.58 35.39
1.441 17.58 35.39
1.441 17.57 35.39
1.441 17.57 35.39
1.441 17.57 35.39
1.442 17.57 35.39
1.442 17.57 35.39
1.442 17.56 35.39
1.442 17.56 35.39
1.442 17.56 35.39
1.442 17.55 35.39
1.443 17.54 35.39
1.444 17.53 35.39
1.444 17.53 35.39
1.444 17.53 35.39
1.445 17.52 35.39
1.446 17.51 35.39
1.446 17.5 35.39
1.447 17.49 35.39
1.448 17.47 35.39
1.449 17.46 35.39
1.45 17.45 35.39
1.451 17.44 35.39
1.453 17.42 35.39
1.455 17.4 35.39
1.457 17.38 35.39
1.458 17.36 35.39
1.459 17.35 35.39
1.461 17.34 35.39
1.462 17.32 35.39
1.463 17.31 35.39
1.464 17.29 35.39
1.466 17.28 35.39
1.467 17.27 35.39
1.468 17.25 35.39
1.47 17.23 35.39
1.47 17.22 35.39
1.47 17.22 35.39
1.47 17.22 35.39
1.47 17.22 35.39
1.47 17.22 35.39
1.47 17.22 35.39
1.469 17.22 35.39
1.47 17.22 35.39
1.474 17.18 35.39
1.476 17.15 35.39
1.478 17.13 35.39
1.48 17.11 35.39
1.48 17.1 35.39
1.481 17.1 35.39
1.481 17.09 35.39
1.481 17.09 35.39
1.481 17.08 35.39
1.482 17.08 35.39
1.482 17.07 35.39
1.482 17.07 35.39
1.483 17.06 35.39
1.484 17.04 35.39
1.485 17.03 35.39
1.486 17.02 35.39
1.487 16.99 35.39
1.488 16.98 35.39
1.489 16.97 35.39
1.491 16.96 35.39
1.492 16.94 35.39
1.493 16.93 35.39
1.495 16.91 35.39
1.497 16.89 35.39
1.498 16.88 35.39
1.499 16.87 35.39
1.499 16.86 35.39
1.501 16.84 35.39
1.502 16.83 35.39
1.503 16.82 35.39
1.505 16.8 35.39
1.506 16.79 35.39
1.507 16.79 35.39
1.508 16.77 35.39
1.509 16.76 35.39
1.511 16.74 35.39
1.512 16.73 35.39
1.513 16.71 35.39
1.515 16.69 35.39
1.517 16.68 35.39
1.519 16.66 35.39
1.52 16.64 35.39
1.521 16.63 35.39
1.523 16.61 35.39
1.524 16.59 35.39
1.525 16.59 35.39
1.526 16.58 35.39
1.527 16.56 35.39
1.527 16.56 35.39
1.528 16.55 35.39
1.528 16.54 35.39
1.529 16.53 35.39
1.529 16.53 35.39
1.529 16.52 35.39
1.529 16.52 35.39
1.529 16.51 35.39
1.53 16.5 35.39
1.53 16.5 35.39
1.531 16.49 35.39
1.531 16.49 35.39
1.531 16.49 35.39
1.532 16.48 35.39
1.534 16.46 35.39
1.535 16.46 35.39
1.535 16.45 35.39
1.537 16.43 35.39
1.538 16.42 35.39
1.539 16.41 35.39
1.539 16.41 35.39
1.539 16.41 35.39
1.539 16.41 35.39
1.539 16.41 35.39
1.539 16.41 35.39
1.539 16.41 35.39
1.539 16.41 35.39
1.539 16.41 35.39
1.54 16.4 35.39
1.54 16.39 35.39
1.54 16.39 35.39
1.54 16.39 35.39
1.541 16.39 35.39
1.541 16.38 35.39
1.542 16.38 35.39
1.544 16.37 35.39
1.545 16.35 35.39
1.547 16.33 35.39
1.548 16.32 35.39
1.55 16.3 35.39
1.552 16.28 35.39
1.555 16.25 35.39
1.556 16.22 35.39
1.558 16.21 35.39
1.559 16.2 35.39
1.559 16.19 35.39
1.56 16.17 35.39
1.562 16.16 35.39
1.563 16.14 35.39
1.565 16.11 35.39
1.566 16.09 35.39
1.567 16.07 35.39
1.569 16.06 35.39
1.57 16.04 35.39
1.57 16.03 35.39
1.571 16.02 35.39
1.571 16.01 35.39
1.572 16 35.39
1.572 15.99 35.39
1.573 15.99 35.39
1.573 15.99 35.39
1.573 15.99 35.39
1.574 15.98 35.39
1.574 15.97 35.39
1.575 15.96 35.39
1.575 15.96 35.39
1.575 15.96 35.39
1.575 15.96 35.39
1.576 15.96 35.39
1.576 15.95 35.39
1.577 15.95 35.39
1.577 15.95 35.39
1.577 15.95 35.39
1.577 15.95 35.39
1.577 15.95 35.39
1.577 15.95 35.39
1.578 15.94 35.39
1.578 15.94 35.39
1.578 15.93 35.39
1.579 15.92 35.39
1.58 15.91 35.39
1.581 15.9 35.39
1.582 15.9 35.39
1.584 15.89 35.39
1.586 15.87 35.39
1.588 15.87 35.39
1.589 15.86 35.39
1.592 15.85 35.39
1.593 15.84 35.39
1.595 15.82 35.39
1.596 15.82 35.39
1.597 15.79 35.39
1.598 15.77 35.39
1.6 15.75 35.39
1.6 15.74 35.39
1.6 15.74 35.39
1.601 15.73 35.39
1.602 15.72 35.39
1.603 15.71 35.39
1.604 15.69 35.39
1.605 15.68 35.39
1.606 15.67 35.39
1.607 15.67 35.39
1.608 15.65 35.39
1.609 15.63 35.39
1.611 15.62 35.39
1.612 15.6 35.39
1.613 15.6 35.39
1.614 15.58 35.39
1.615 15.57 35.39
1.616 15.56 35.39
1.617 15.55 35.39
1.617 15.54 35.39
1.618 15.53 35.39
1.619 15.52 35.39
1.62 15.51 35.39
1.621 15.51 35.39
1.621 15.5 35.39
1.622 15.5 35.39
1.622 15.5 35.39
1.622 15.5 35.39
1.622 15.5 35.39
1.623 15.49 35.39
1.623 15.49 35.39
1.624 15.48 35.39
1.625 15.48 35.39
1.626 15.47 35.39
1.627 15.46 35.39
1.628 15.45 35.39
1.629 15.45 35.39
1.631 15.43 35.39
1.633 15.42 35.39
1.635 15.41 35.39
1.636 15.41 35.39
1.638 15.4 35.39
1.639 15.38 35.39
1.641 15.38 35.39
1.641 15.37 35.39
1.642 15.37 35.39
1.643 15.36 35.39
1.644 15.36 35.39
1.645 15.35 35.39
1.647 15.33 35.39
1.649 15.32 35.39
1.65 15.29 35.39
1.652 15.27 35.39
1.653 15.25 35.39
1.654 15.24 35.39
1.656 15.22 35.39
1.659 15.19 35.39
1.662 15.16 35.39
1.664 15.14 35.39
1.665 15.13 35.39
1.666 15.11 35.39
1.667 15.1 35.39
1.668 15.09 35.39
1.669 15.08 35.39
1.669 15.07 35.39
1.67 15.07 35.39
1.671 15.05 35.38
1.672 15.04 35.38
1.674 15.03 35.38
1.675 15.02 35.38
1.676 15.01 35.38
1.677 15 35.38
1.677 15 35.38
1.677 15 35.38
1.677 15 35.38
1.677 14.99 35.38
1.677 15 35.38
1.678 14.99 35.38
1.679 14.99 35.38
1.679 14.98 35.38
1.68 14.98 35.38
1.683 14.96 35.38
1.685 14.95 35.38
1.686 14.94 35.38
1.688 14.92 35.38
1.69 14.91 35.38
1.692 14.9 35.38
1.694 14.89 35.38
1.695 14.87 35.38
1.696 14.87 35.38
1.697 14.86 35.38
1.698 14.85 35.38
1.699 14.84 35.38
1.701 14.81 35.38
1.705 14.79 35.38
1.708 14.76 35.38
1.711 14.74 35.38
1.713 14.71 35.38
1.715 14.7 35.38
1.716 14.68 35.38
1.717 14.66 35.38
1.717 14.66 35.38
1.717 14.66 35.38
1.718 14.65 35.38
1.718 14.65 35.38
1.719 14.65 35.38
1.719 14.64 35.38
1.719 14.64 35.38
1.719 14.64 35.38
1.719 14.63 35.38
1.718 14.64 35.38
1.718 14.64 35.38
1.718 14.64 35.38
1.718 14.64 35.38
1.718 14.63 35.38
1.718 14.63 35.38
1.719 14.62 35.38
1.72 14.62 35.38
1.72 14.61 35.38
1.72 14.61 35.38
1.72 14.61 35.38
1.721 14.6 35.38
1.722 14.6 35.38
1.723 14.58 35.38
1.724 14.58 35.38
1.725 14.56 35.38
1.725 14.56 35.38
1.725 14.56 35.38
1.726 14.55 35.38
1.727 14.55 35.38
1.729 14.54 35.38
1.73 14.54 35.38
1.73 14.52 35.38
1.731 14.52 35.38
1.732 14.51 35.38
1.733 14.5 35.38
1.734 14.5 35.38
1.735 14.48 35.38
1.735 14.48 35.38
1.736 14.47 35.38
1.737 14.47 35.38
1.738 14.46 35.38
1.738 14.45 35.38
1.739 14.45 35.38
1.74 14.44 35.38
1.743 14.44 35.38
1.744 14.41 35.38
1.746 14.39 35.38
1.749 14.38 35.38
1.75 14.37 35.38
1.751 14.35 35.38
1.753 14.34 35.38
1.754 14.34 35.38
1.754 14.33 35.38
1.755 14.33 35.38
1.755 14.31 35.38
1.756 14.3 35.38
1.756 14.3 35.38
1.758 14.3 35.38
1.759 14.29 35.38
1.76 14.28 35.38
1.762 14.26 35.38
1.763 14.25 35.38
1.765 14.24 35.38
1.766 14.23 35.38
1.767 14.22 35.38
1.768 14.21 35.38
1.769 14.19 35.38
1.771 14.18 35.38
1.773 14.16 35.38
1.773 14.15 35.38
1.774 14.14 35.38
1.776 14.13 35.38
1.776 14.12 35.38
1.777 14.11 35.38
1.777 14.1 35.38
1.778 14.1 35.38
1.778 14.1 35.38
1.779 14.09 35.38
1.779 14.09 35.38
1.779 14.09 35.38
1.779 14.09 35.38
1.779 14.09 35.38
1.779 14.09 35.38
1.778 14.09 35.38
1.778 14.09 35.38
1.778 14.09 35.38
1.778 14.09 35.38
1.778 14.09 35.38
1.78 14.09 35.38
1.782 14.07 35.38
1.785 14.05 35.38
1.786 14.04 35.38
1.788 14.03 35.38
1.79 14.02 35.38
1.791 14.01 35.38
1.793 14 35.38
1.794 13.99 35.38
1.794 13.99 35.38
1.794 13.99 35.38
1.795 13.99 35.38
1.795 13.99 35.38
1.795 13.99 35.38
1.796 13.98 35.38
1.796 13.98 35.38
1.796 13.98 35.38
1.797 13.97 35.38
1.798 13.96 35.37
1.798 13.95 35.37
1.799 13.95 35.37
1.799 13.96 35.37
1.799 13.96 35.37
1.799 13.95 35.37
1.798 13.95 35.37
1.798 13.95 35.37
1.798 13.95 35.37
1.799 13.95 35.37
1.799 13.95 35.37
1.8 13.95 35.37
1.803 13.93 35.37
1.807 13.89 35.37
1.81 13.88 35.37
1.813 13.85 35.37
1.817 13.82 35.37
1.819 13.8 35.37
1.821 13.78 35.37
1.822 13.77 35.37
1.823 13.76 35.37
1.824 13.74 35.37
1.826 13.73 35.37
1.827 13.73 35.37
1.829 13.71 35.37
1.83 13.69 35.37
1.831 13.68 35.37
1.832 13.68 35.37
1.833 13.66 35.37
1.834 13.66 35.37
1.835 13.65 35.37
1.836 13.63 35.37
1.837 13.62 35.37
1.839 13.61 35.37
1.841 13.6 35.37
1.843 13.58 35.37
1.845 13.57 35.37
1.846 13.56 35.37
1.848 13.54 35.37
1.85 13.53 35.37
1.852 13.53 35.37
1.854 13.52 35.37
1.855 13.52 35.37
1.856 13.5 35.37
1.858 13.49 35.37
1.86 13.47 35.37
1.862 13.47 35.37
1.864 13.45 35.37
1.866 13.44 35.37
1.867 13.43 35.37
1.869 13.42 35.37
1.871 13.41 35.37
1.872 13.39 35.37
1.875 13.38 35.37
1.878 13.36 35.37
1.88 13.33 35.37
1.882 13.32 35.37
1.884 13.31 35.37
1.885 13.3 35.37
1.887 13.27 35.37
1.889 13.26 35.37
1.89 13.25 35.37
1.892 13.23 35.37
1.893 13.23 35.37
1.895 13.21 35.37
1.896 13.19 35.37
1.897 13.19 35.37
1.898 13.17 35.37
1.899 13.16 35.37
1.901 13.15 35.37
1.903 13.12 35.37
1.906 13.12 35.37
1.908 13.1 35.37
1.91 13.09 35.37
1.912 13.08 35.37
1.913 13.07 35.37
1.914 13.06 35.37
1.916 13.05 35.37
1.917 13.05 35.37
1.918 13.05 35.37
1.919 13.04 35.37
1.921 13.03 35.37
1.922 13.01 35.37
1.923 13.02 35.37
1.924 13.01 35.37
1.925 13.01 35.37
1.925 13 35.37
1.926 12.99 35.37
1.927 12.99 35.37
1.929 12.96 35.37
1.931 12.96 35.37
1.932 12.96 35.37
1.933 12.95 35.37
1.935 12.93 35.37
1.936 12.92 35.37
1.938 12.91 35.37
1.939 12.9 35.37
1.941 12.89 35.37
1.941 12.88 35.37
1.942 12.87 35.37
1.943 12.86 35.37
1.945 12.85 35.37
1.947 12.84 35.37
1.949 12.83 35.37
1.951 12.81 35.37
1.953 12.8 35.37
1.954 12.79 35.37
1.955 12.78 35.37
1.956 12.78 35.37
1.957 12.76 35.37
1.958 12.75 35.37
1.959 12.75 35.37
1.96 12.73 35.37
1.961 12.71 35.37
1.962 12.71 35.37
1.962 12.71 35.37
1.963 12.7 35.37
1.963 12.7 35.37
1.964 12.7 35.37
1.964 12.7 35.37
1.965 12.7 35.37
1.966 12.68 35.37
1.966 12.68 35.37
1.967 12.68 35.37
1.967 12.68 35.37
1.968 12.67 35.37
1.969 12.67 35.37
1.97 12.66 35.37
1.971 12.66 35.37
1.972 12.65 35.37
1.972 12.65 35.37
1.973 12.64 35.37
1.975 12.63 35.37
1.976 12.62 35.37
1.977 12.62 35.37
1.979 12.61 35.37
1.979 12.61 35.37
1.981 12.6 35.37
1.982 12.59 35.37
1.983 12.59 35.37
1.985 12.58 35.37
1.987 12.56 35.37
1.989 12.55 35.37
1.991 12.54 35.37
1.993 12.53 35.37
1.995 12.51 35.37
1.995 12.5 35.37
1.997 12.5 35.37
1.998 12.5 35.37
1.999 12.49 35.37
2 12.49 35.37
2.002 12.47 35.37
2.003 12.47 35.37
2.004 12.45 35.37
2.005 12.45 35.37
2.006 12.44 35.37
2.008 12.43 35.37
2.009 12.42 35.37
2.011 12.41 35.37
2.013 12.4 35.37
2.014 12.39 35.37
2.016 12.38 35.37
2.017 12.37 35.37
2.019 12.36 35.37
2.022 12.33 35.37
2.024 12.33 35.37
2.026 12.31 35.37
2.028 12.3 35.37
2.028 12.29 35.37
2.03 12.28 35.37
2.032 12.27 35.37
2.033 12.27 35.37
2.034 12.24 35.37
2.035 12.24 35.37
2.036 12.22 35.37
2.037 12.22 35.37
2.039 12.21 35.37
2.04 12.2 35.37
2.042 12.2 35.37
2.043 12.19 35.37
2.044 12.18 35.37
2.046 12.17 35.37
2.047 12.16 35.37
2.049 12.15 35.37
2.051 12.13 35.37
2.053 12.12 35.37
2.054 12.11 35.37
2.056 12.11 35.37
2.058 12.1 35.37
2.059 12.09 35.37
2.061 12.08 35.37
2.062 12.07 35.37
2.063 12.07 35.37
2.064 12.06 35.37
2.065 12.06 35.37
2.066 12.05 35.37
2.067 12.05 35.37
2.069 12.04 35.36
2.072 12.02 35.36
2.074 12.01 35.36
2.076 12 35.36
2.077 11.99 35.36
2.079 11.98 35.36
2.08 11.97 35.36
2.08 11.97 35.36
2.08 11.97 35.36
2.08 11.97 35.36
2.08 11.96 35.36
2.08 11.96 35.36
2.08 11.96 35.36
2.08 11.96 35.36
2.081 11.96 35.36
2.082 11.96 35.36
2.083 11.95 35.36
2.084 11.95 35.36
2.086 11.93 35.36
2.088 11.92 35.36
2.088 11.92 35.36
2.089 11.91 35.36
2.09 11.91 35.36
2.09 11.91 35.36
2.091 11.9 35.36
2.092 11.9 35.36
2.092 11.9 35.36
2.092 11.9 35.36
2.093 11.9 35.36
2.093 11.89 35.36
2.094 11.88 35.36
2.096 11.87 35.36
2.096 11.86 35.36
2.097 11.86 35.36
2.099 11.85 35.36
2.102 11.85 35.36
2.105 11.82 35.36
2.107 11.8 35.36
2.109 11.78 35.36
2.112 11.76 35.36
2.114 11.75 35.36
2.115 11.75 35.36
2.117 11.74 35.36
2.12 11.71 35.36
2.124 11.7 35.36
2.127 11.67 35.36
2.129 11.67 35.36
2.13 11.66 35.36
2.133 11.66 35.36
2.136 11.64 35.36
2.14 11.62 35.36
2.143 11.61 35.36
2.146 11.6 35.36
2.148 11.6 35.36
2.15 11.57 35.36
2.152 11.57 35.36
2.155 11.56 35.36
2.157 11.55 35.36
2.16 11.52 35.36
2.163 11.51 35.36
2.165 11.49 35.36
2.166 11.48 35.36
2.167 11.48 35.36
2.168 11.47 35.36
2.17 11.46 35.36
2.171 11.45 35.36
2.173 11.45 35.36
2.174 11.44 35.36
2.176 11.43 35.36
2.178 11.42 35.36
2.18 11.4 35.36
2.182 11.39 35.36
2.184 11.38 35.36
2.186 11.38 35.36
2.188 11.36 35.36
2.189 11.36 35.36
2.191 11.34 35.36
2.193 11.32 35.36
2.194 11.31 35.36
2.196 11.31 35.36
2.196 11.31 35.36
2.198 11.3 35.36
2.2 11.28 35.36
2.203 11.26 35.36
2.206 11.25 35.36
2.208 11.24 35.36
2.211 11.22 35.36
2.213 11.21 35.36
2.216 11.21 35.36
2.218 11.19 35.36
2.219 11.19 35.36
2.222 11.18 35.36
2.224 11.16 35.36
2.226 11.16 35.36
2.228 11.15 35.36
2.23 11.14 35.36
2.232 11.13 35.36
2.235 11.11 35.36
2.238 11.11 35.36
2.239 11.1 35.36
2.241 11.09 35.36
2.244 11.07 35.36
2.246 11.06 35.36
2.249 11.05 35.36
2.251 11.04 35.36
2.252 11.03 35.36
2.254 11.01 35.36
2.256 11.01 35.36
2.256 11 35.36
2.257 11 35.35
2.258 11 35.35
2.259 10.98 35.35
2.26 10.97 35.35
2.263 10.96 35.35
2.265 10.95 35.35
2.267 10.94 35.35
2.271 10.93 35.35
2.273 10.92 35.35
2.276 10.9 35.35
2.278 10.89 35.35
2.28 10.87 35.35
2.282 10.87 35.35
2.283 10.85 35.35
2.285 10.84 35.35
2.288 10.83 35.35
2.291 10.8 35.35
2.294 10.79 35.35
2.298 10.77 35.35
2.301 10.75 35.35
2.302 10.75 35.35
2.302 10.74 35.35
2.303 10.74 35.35
2.305 10.74 35.35
2.308 10.72 35.35
2.309 10.72 35.35
2.31 10.72 35.35
2.311 10.71 35.35
2.312 10.7 35.35
2.314 10.7 35.35
2.316 10.68 35.35
2.319 10.67 35.35
2.321 10.66 35.35
2.323 10.65 35.35
2.325 10.65 35.35
2.328 10.63 35.35
2.33 10.62 35.35
2.332 10.61 35.35
2.334 10.6 35.35
2.337 10.59 35.35
2.338 10.59 35.35
2.34 10.58 35.35
2.342 10.57 35.35
2.343 10.57 35.35
2.344 10.56 35.35
2.345 10.55 35.35
2.347 10.54 35.35
2.35 10.54 35.35
2.352 10.53 35.35
2.353 10.52 35.35
2.354 10.52 35.35
2.355 10.51 35.35
2.357 10.5 35.35
2.359 10.49 35.35
2.361 10.49 35.35
2.362 10.49 35.35
2.364 10.47 35.35
2.366 10.46 35.35
2.368 10.45 35.35
2.37 10.44 35.35
2.372 10.44 35.35
2.375 10.41 35.35
2.378 10.4 35.35
2.38 10.39 35.35
2.382 10.38 35.35
2.384 10.37 35.35
2.386 10.35 35.35
2.388 10.34 35.35
2.391 10.34 35.35
2.393 10.32 35.35
2.395 10.31 35.35
2.396 10.3 35.35
2.398 10.3 35.35
2.399 10.3 35.35
2.4 10.29 35.35
2.402 10.28 35.35
2.403 10.28 35.35
2.404 10.27 35.35
2.407 10.26 35.35
2.41 10.25 35.35
2.414 10.25 35.35
2.418 10.22 35.35
2.42 10.22 35.35
2.42 10.21 35.35
2.42 10.21 35.35
2.421 10.21 35.35
2.423 10.2 35.35
2.425 10.2 35.35
2.427 10.19 35.35
2.428 10.18 35.35
2.43 10.17 35.35
2.431 10.17 35.35
2.431 10.16 35.35
2.433 10.16 35.35
2.436 10.15 35.35
2.44 10.13 35.35
2.445 10.1 35.35
2.449 10.09 35.35
2.453 10.07 35.35
2.455 10.07 35.35
2.456 10.06 35.35
2.457 10.06 35.35
2.457 10.06 35.35
2.458 10.05 35.35
2.459 10.05 35.35
2.459 10.04 35.35
2.46 10.04 35.35
2.461 10.04 35.35
2.464 10.03 35.35
2.467 10.01 35.35
2.47 10 35.35
2.474 9.99 35.35
2.477 9.98 35.35
2.478 9.96 35.35
2.478 9.96 35.35
2.479 9.95 35.35
2.479 9.95 35.35
2.48 9.95 35.35
2.481 9.95 35.34
2.483 9.94 35.34
2.484 9.94 35.35
2.487 9.92 35.34
2.489 9.91 35.34
2.492 9.88 35.34
2.495 9.88 35.34
2.497 9.86 35.34
2.5 9.85 35.34
2.503 9.84 35.34
2.505 9.84 35.34
2.507 9.83 35.34
2.508 9.84 35.34
2.51 9.83 35.34
2.511 9.82 35.34
2.511 9.82 35.34
2.511 9.83 35.34
2.513 9.82 35.34
2.518 9.79 35.34
2.523 9.77 35.34
2.528 9.76 35.34
2.531 9.74 35.34
2.534 9.74 35.34
2.537 9.73 35.34
2.539 9.72 35.34
2.54 9.71 35.34
2.541 9.7 35.34
2.543 9.71 35.34
2.544 9.69 35.34
2.545 9.69 35.34
2.547 9.69 35.34
2.549 9.68 35.34
2.551 9.66 35.34
2.556 9.64 35.34
2.561 9.63 35.34
2.565 9.61 35.34
2.57 9.6 35.34
2.574 9.58 35.34
2.575 9.58 35.34
2.575 9.57 35.34
2.577 9.55 35.34
2.579 9.55 35.34
2.581 9.54 35.34
2.584 9.53 35.34
2.586 9.52 35.34
2.589 9.52 35.34
2.592 9.5 35.34
2.594 9.49 35.34
2.597 9.48 35.34
2.6 9.46 35.34
2.604 9.44 35.34
2.607 9.42 35.34
2.611 9.42 35.34
2.614 9.4 35.34
2.618 9.38 35.34
2.621 9.37 35.34
2.623 9.37 35.34
2.624 9.37 35.34
2.625 9.36 35.34
2.627 9.35 35.34
2.631 9.32 35.34
2.634 9.32 35.34
2.636 9.32 35.34
2.639 9.32 35.34
2.643 9.31 35.34
2.645 9.29 35.34
2.648 9.27 35.34
2.651 9.26 35.34
2.655 9.26 35.34
2.658 9.25 35.34
2.66 9.24 35.34
2.662 9.23 35.34
2.664 9.23 35.34
2.667 9.21 35.34
2.671 9.21 35.34
2.675 9.2 35.34
2.678 9.18 35.34
2.682 9.17 35.34
2.685 9.16 35.34
2.688 9.15 35.34
2.69 9.13 35.34
2.691 9.13 35.34
2.693 9.12 35.34
2.694 9.12 35.34
2.696 9.11 35.34
2.698 9.11 35.34
2.7 9.09 35.34
2.704 9.08 35.34
2.706 9.07 35.34
2.709 9.06 35.34
2.712 9.05 35.34
2.716 9.03 35.34
2.719 9.03 35.34
2.722 9.01 35.34
2.725 9 35.34
2.728 8.99 35.34
2.732 8.96 35.34
2.735 8.95 35.34
2.739 8.93 35.34
2.743 8.92 35.34
2.746 8.9 35.34
2.749 8.9 35.34
2.751 8.89 35.33
2.753 8.88 35.34
2.756 8.87 35.33
2.759 8.86 35.33
2.76 8.86 35.33
2.761 8.86 35.33
2.762 8.85 35.33
2.764 8.85 35.33
2.767 8.84 35.33
2.77 8.83 35.33
2.772 8.82 35.33
2.776 8.81 35.33
2.78 8.81 35.33
2.784 8.79 35.33
2.788 8.78 35.33
2.792 8.77 35.33
2.795 8.76 35.33
2.798 8.75 35.33
2.801 8.75 35.33
2.803 8.74 35.33
2.805 8.73 35.33
2.807 8.72 35.33
2.809 8.71 35.33
2.811 8.71 35.33
2.813 8.71 35.33
2.816 8.7 35.33
2.818 8.7 35.33
2.821 8.68 35.33
2.823 8.66 35.33
2.825 8.66 35.33
2.828 8.65 35.33
2.83 8.64 35.33
2.832 8.64 35.33
2.834 8.62 35.33
2.836 8.61 35.33
2.838 8.61 35.33
2.841 8.59 35.33
2.843 8.58 35.33
2.845 8.59 35.33
2.847 8.58 35.33
2.85 8.57 35.33
2.854 8.56 35.33
2.856 8.55 35.33
2.858 8.55 35.33
2.861 8.54 35.33
2.863 8.52 35.33
2.864 8.52 35.33
2.867 8.51 35.33
2.868 8.51 35.33
2.869 8.5 35.33
2.872 8.49 35.33
2.875 8.48 35.33
2.879 8.46 35.33
2.882 8.45 35.33
2.886 8.44 35.33
2.888 8.43 35.33
2.89 8.42 35.33
2.891 8.42 35.33
2.894 8.42 35.33
2.897 8.41 35.33
2.899 8.41 35.33
2.902 8.4 35.33
2.903 8.4 35.33
2.903 8.4 35.33
2.905 8.4 35.33
2.908 8.38 35.33
2.911 8.37 35.33
2.914 8.36 35.33
2.918 8.36 35.33
2.922 8.34 35.33
2.927 8.33 35.33
2.931 8.31 35.33
2.934 8.31 35.33
2.938 8.3 35.33
2.943 8.29 35.33
2.947 8.28 35.33
2.951 8.27 35.33
2.954 8.26 35.33
2.956 8.25 35.33
2.96 8.25 35.33
2.963 8.24 35.33
2.967 8.22 35.33
2.97 8.21 35.33
2.973 8.21 35.33
2.976 8.2 35.33
2.981 8.18 35.33
2.985 8.17 35.33
2.99 8.15 35.33
2.994 8.14 35.33
2.998 8.13 35.33
3.002 8.12 35.33
3.005 8.1 35.33
3.008 8.09 35.33
3.011 8.09 35.33
3.014 8.08 35.33
3.017 8.07 35.33
3.021 8.05 35.33
3.027 8.04 35.33
3.032 8.01 35.33
3.037 8.01 35.33
3.039 8 35.33
3.041 7.99 35.33
3.044 8 35.33
3.047 7.99 35.33
3.049 7.97 35.33
3.052 7.96 35.33
3.054 7.96 35.33
3.054 7.96 35.33
3.054 7.96 35.33
3.058 7.95 35.33
3.063 7.93 35.32
3.069 7.92 35.32
3.075 7.9 35.33
3.079 7.9 35.32
3.084 7.88 35.32
3.089 7.87 35.32
3.093 7.86 35.32
3.097 7.85 35.32
3.1 7.84 35.32
3.104 7.83 35.32
3.107 7.83 35.32
3.109 7.82 35.32
3.112 7.81 35.32
3.116 7.8 35.32
3.119 7.79 35.32
3.122 7.79 35.32
3.125 7.78 35.32
3.127 7.77 35.32
3.129 7.77 35.32
3.13 7.76 35.32
3.132 7.76 35.32
3.132 7.76 35.32
3.132 7.76 35.32
3.133 7.75 35.32
3.136 7.74 35.32
3.139 7.74 35.32
3.141 7.73 35.32
3.144 7.72 35.32
3.145 7.71 35.32
3.148 7.7 35.32
3.152 7.7 35.32
3.157 7.69 35.32
3.159 7.68 35.32
3.162 7.68 35.32
3.166 7.66 35.32
3.17 7.65 35.32
3.174 7.64 35.32
3.178 7.63 35.32
3.182 7.61 35.32
3.187 7.6 35.32
3.191 7.59 35.32
3.195 7.58 35.32
3.196 7.58 35.32
3.2 7.56 35.32
3.205 7.55 35.32
3.209 7.55 35.32
3.212 7.54 35.32
3.214 7.53 35.32
3.213 7.53 35.32
3.215 7.52 35.32
3.218 7.51 35.32
3.221 7.5 35.32
3.226 7.5 35.32
3.231 7.49 35.32
3.237 7.47 35.32
3.242 7.46 35.32
3.245 7.45 35.32
3.25 7.44 35.32
3.256 7.42 35.32
3.263 7.41 35.32
3.271 7.39 35.32
3.277 7.38 35.32
3.281 7.37 35.32
3.286 7.35 35.32
3.288 7.35 35.32
3.288 7.35 35.32
3.288 7.35 35.32
3.288 7.35 35.32
3.289 7.34 35.32
3.291 7.34 35.32
3.294 7.34 35.32
3.298 7.32 35.32
3.302 7.31 35.32
3.306 7.3 35.32
3.312 7.29 35.32
3.318 7.28 35.32
3.324 7.27 35.32
3.328 7.26 35.32
3.329 7.25 35.32
3.329 7.26 35.32
3.329 7.25 35.32
3.328 7.25 35.32
3.328 7.25 35.32
3.327 7.25 35.32
3.329 7.24 35.32
3.336 7.23 35.32
3.346 7.21 35.32
3.352 7.19 35.32
3.357 7.19 35.32
3.36 7.18 35.32
3.365 7.17 35.32
3.369 7.16 35.32
3.373 7.15 35.32
3.377 7.14 35.32
3.381 7.13 35.32
3.385 7.13 35.32
3.389 7.11 35.32
3.392 7.09 35.32
3.395 7.09 35.32
3.4 7.08 35.32
3.405 7.06 35.32
3.41 7.05 35.32
3.415 7.04 35.32
3.42 7.03 35.32
3.423 7.01 35.32
3.427 7 35.32
3.432 6.99 35.32
3.436 6.98 35.32
3.441 6.98 35.32
3.446 6.96 35.32
3.45 6.96 35.32
3.453 6.94 35.32
3.455 6.94 35.32
3.458 6.94 35.32
3.464 6.92 35.32
3.47 6.91 35.31
3.475 6.91 35.31
3.48 6.89 35.31
3.485 6.88 35.31
3.491 6.87 35.31
3.498 6.86 35.31
3.503 6.85 35.31
3.509 6.84 35.31
3.515 6.83 35.31
3.521 6.81 35.31
3.528 6.81 35.31
3.533 6.79 35.31
3.538 6.78 35.31
3.541 6.77 35.31
3.545 6.77 35.31
3.551 6.76 35.31
3.556 6.75 35.31
3.558 6.74 35.31
3.563 6.72 35.31
3.567 6.71 35.31
3.569 6.71 35.31
3.574 6.69 35.31
3.58 6.68 35.31
3.584 6.67 35.31
3.592 6.65 35.31
3.597 6.63 35.31
3.6 6.63 35.31
3.604 6.62 35.31
3.608 6.61 35.31
3.614 6.59 35.31
3.619 6.58 35.31
3.625 6.57 35.31
3.629 6.57 35.31
3.634 6.56 35.31
3.638 6.55 35.31
3.643 6.54 35.31
3.647 6.53 35.31
3.651 6.53 35.31
3.653 6.52 35.31
3.654 6.52 35.31
3.659 6.51 35.31
3.665 6.49 35.31
3.672 6.48 35.31
3.681 6.47 35.31
3.687 6.46 35.31
3.691 6.46 35.31
3.695 6.45 35.31
3.703 6.43 35.31
3.71 6.42 35.31
3.714 6.41 35.31
3.719 6.41 35.31
3.725 6.4 35.31
3.729 6.39 35.31
3.734 6.38 35.31
3.741 6.37 35.31
3.749 6.36 35.31
3.756 6.34 35.31
3.761 6.32 35.31
3.764 6.32 35.31
3.77 6.31 35.31
3.776 6.31 35.31
3.781 6.31 35.31
