3.788 6.32 45.16
3.776 6.34 45.16
3.771 6.35 45.15
3.76 6.37 45.16
3.746 6.4 45.16
3.738 6.41 45.15
3.727 6.43 45.15
3.716 6.45 45.16
3.708 6.47 45.15
3.699 6.48 45.15
3.691 6.49 45.15
3.69 6.5 45.15
3.687 6.51 45.15
3.68 6.52 45.15
3.678 6.53 45.15
3.675 6.53 45.15
3.67 6.54 45.15
3.666 6.55 45.15
3.664 6.56 45.15
3.662 6.56 45.15
3.659 6.57 45.15
3.656 6.57 45.15
3.651 6.58 45.15
3.646 6.59 45.15
3.642 6.6 45.15
3.638 6.62 45.15
3.634 6.61 45.15
3.632 6.62 45.15
3.629 6.62 45.15
3.621 6.64 45.15
3.614 6.66 45.15
3.609 6.67 45.15
3.606 6.67 45.15
3.597 6.69 45.15
3.585 6.71 45.15
3.578 6.73 45.15
3.577 6.73 45.15
3.576 6.73 45.15
3.561 6.76 45.15
3.545 6.79 45.15
3.543 6.8 45.15
3.544 6.8 45.15
3.536 6.82 45.15
3.52 6.84 45.15
3.516 6.85 45.15
3.509 6.87 45.15
3.499 6.89 45.15
3.494 6.91 45.15
3.489 6.92 45.15
3.485 6.93 45.15
3.483 6.93 45.15
3.48 6.94 45.15
3.475 6.95 45.15
3.47 6.96 45.15
3.463 6.98 45.15
3.458 6.99 45.15
3.458 6.99 45.15
3.454 7 45.15
3.448 7.02 45.15
3.446 7.03 45.15
3.441 7.03 45.15
3.439 7.04 45.15
3.437 7.05 45.15
3.435 7.05 45.15
3.433 7.06 45.15
3.429 7.07 45.15
3.421 7.09 45.15
3.418 7.09 45.15
3.418 7.09 45.15
3.418 7.09 45.15
3.416 7.09 45.15
3.409 7.12 45.15
3.405 7.13 45.15
3.405 7.13 45.15
3.4 7.14 45.15
3.391 7.15 45.15
3.385 7.17 45.15
3.373 7.18 45.15
3.36 7.21 45.15
3.354 7.23 45.15
3.354 7.22 45.15
3.351 7.23 45.15
3.35 7.23 45.15
3.344 7.24 45.15
3.34 7.26 45.15
3.339 7.26 45.14
3.337 7.27 45.14
3.333 7.27 45.15
3.333 7.28 45.14
3.334 7.28 45.14
3.335 7.28 45.14
3.335 7.28 45.14
3.336 7.29 45.14
3.336 7.28 45.14
3.337 7.28 45.14
3.338 7.28 45.14
3.338 7.28 45.14
3.338 7.28 45.14
3.338 7.28 45.14
3.337 7.28 45.14
3.327 7.31 45.14
3.319 7.33 45.14
3.316 7.34 45.14
3.303 7.36 45.14
3.296 7.38 45.14
3.288 7.39 45.14
3.279 7.41 45.14
3.275 7.42 45.14
3.275 7.42 45.14
3.271 7.44 45.14
3.265 7.45 45.14
3.261 7.46 45.14
3.256 7.48 45.14
3.252 7.49 45.14
3.251 7.49 45.14
3.251 7.5 45.14
3.251 7.49 45.14
3.251 7.49 45.14
3.25 7.49 45.14
3.249 7.5 45.14
3.248 7.5 45.14
3.245 7.51 45.14
3.242 7.52 45.14
3.24 7.53 45.14
3.237 7.54 45.14
3.232 7.55 45.14
3.229 7.55 45.14
3.228 7.56 45.14
3.223 7.57 45.14
3.22 7.57 45.14
3.215 7.58 45.14
3.21 7.6 45.13
3.203 7.6 45.13
3.198 7.61 45.13
3.192 7.63 45.13
3.185 7.64 45.13
3.181 7.65 45.13
3.176 7.66 45.13
3.173 7.67 45.13
3.169 7.69 45.13
3.164 7.7 45.13
3.163 7.7 45.13
3.163 7.7 45.13
3.158 7.72 45.13
3.152 7.73 45.13
3.152 7.74 45.13
3.15 7.74 45.13
3.143 7.76 45.13
3.143 7.76 45.13
3.137 7.78 45.13
3.13 7.8 45.13
3.126 7.81 45.13
3.12 7.82 45.13
3.117 7.84 45.13
3.113 7.85 45.13
3.108 7.86 45.13
3.104 7.87 45.13
3.099 7.89 45.13
3.094 7.9 45.13
3.089 7.91 45.13
3.085 7.92 45.13
3.081 7.93 45.13
3.076 7.95 45.13
3.07 7.96 45.13
3.065 7.97 45.13
3.062 7.98 45.13
3.06 7.99 45.13
3.057 8 45.13
3.055 8 45.13
3.053 8.01 45.13
3.048 8.02 45.13
3.045 8.03 45.13
3.041 8.04 45.13
3.036 8.05 45.13
3.031 8.07 45.13
3.021 8.1 45.13
3.012 8.11 45.13
3.011 8.11 45.13
3.012 8.11 45.13
3.01 8.12 45.13
3.005 8.15 45.13
3 8.15 45.13
2.993 8.17 45.13
2.988 8.19 45.13
2.988 8.2 45.13
2.986 8.2 45.13
2.983 8.21 45.13
2.982 8.2 45.13
2.977 8.22 45.13
2.968 8.25 45.13
2.963 8.27 45.13
2.958 8.28 45.13
2.954 8.29 45.13
2.952 8.3 45.13
2.949 8.31 45.13
2.947 8.31 45.13
2.943 8.33 45.13
2.937 8.35 45.13
2.932 8.36 45.13
2.927 8.38 45.13
2.921 8.4 45.13
2.917 8.41 45.13
2.914 8.41 45.13
2.91 8.43 45.13
2.904 8.45 45.13
2.901 8.46 45.13
2.899 8.46 45.13
2.898 8.46 45.13
2.897 8.46 45.13
2.896 8.47 45.13
2.893 8.49 45.13
2.891 8.5 45.13
2.891 8.5 45.13
2.887 8.51 45.13
2.881 8.52 45.13
2.878 8.54 45.13
2.876 8.55 45.13
2.876 8.55 45.13
2.875 8.55 45.13
2.867 8.57 45.13
2.858 8.59 45.13
2.853 8.61 45.13
2.846 8.63 45.13
2.838 8.66 45.13
2.836 8.66 45.13
2.834 8.67 45.13
2.827 8.69 45.13
2.821 8.71 45.13
2.818 8.72 45.12
2.814 8.73 45.12
2.808 8.75 45.12
2.803 8.77 45.12
2.798 8.77 45.12
2.795 8.8 45.12
2.792 8.81 45.12
2.788 8.81 45.12
2.785 8.82 45.12
2.782 8.84 45.12
2.78 8.86 45.12
2.777 8.86 45.12
2.772 8.87 45.12
2.767 8.9 45.12
2.765 8.9 45.12
2.763 8.91 45.12
2.759 8.92 45.12
2.754 8.93 45.12
2.75 8.95 45.12
2.748 8.96 45.12
2.747 8.97 45.12
2.745 8.98 45.12
2.742 9 45.12
2.738 9 45.12
2.735 9.02 45.12
2.733 9.03 45.12
2.732 9.04 45.12
2.732 9.04 45.12
2.732 9.04 45.12
2.729 9.05 45.12
2.726 9.05 45.12
2.723 9.06 45.12
2.72 9.07 45.12
2.718 9.08 45.12
2.717 9.09 45.12
2.715 9.1 45.12
2.715 9.1 45.12
2.714 9.1 45.12
2.713 9.11 45.12
2.711 9.11 45.12
2.71 9.11 45.12
2.707 9.12 45.12
2.705 9.13 45.12
2.703 9.14 45.12
2.703 9.14 45.12
2.702 9.15 45.12
2.7 9.15 45.12
2.698 9.16 45.12
2.698 9.15 45.12
2.698 9.16 45.12
2.698 9.16 45.12
2.698 9.16 45.12
2.697 9.16 45.12
2.694 9.17 45.12
2.69 9.19 45.12
2.687 9.2 45.12
2.684 9.21 45.12
2.683 9.21 45.12
2.682 9.21 45.12
2.68 9.22 45.12
2.677 9.24 45.12
2.675 9.24 45.12
2.672 9.25 45.12
2.67 9.26 45.12
2.669 9.26 45.12
2.666 9.27 45.12
2.663 9.28 45.12
2.661 9.29 45.12
2.657 9.3 45.12
2.655 9.32 45.12
2.652 9.32 45.12
2.65 9.33 45.12
2.648 9.34 45.12
2.647 9.34 45.12
2.644 9.36 45.12
2.641 9.37 45.12
2.64 9.37 45.12
2.641 9.37 45.12
2.638 9.38 45.12
2.636 9.4 45.12
2.634 9.4 45.12
2.634 9.4 45.12
2.634 9.4 45.12
2.634 9.41 45.12
2.632 9.41 45.12
2.63 9.42 45.12
2.63 9.42 45.12
2.628 9.42 45.12
2.623 9.42 45.12
2.622 9.43 45.12
2.621 9.43 45.12
2.619 9.45 45.12
2.615 9.47 45.12
2.614 9.48 45.12
2.614 9.48 45.12
2.612 9.48 45.12
2.61 9.49 45.11
2.605 9.51 45.12
2.602 9.52 45.12
2.602 9.52 45.11
2.601 9.53 45.11
2.598 9.53 45.11
2.593 9.55 45.11
2.588 9.58 45.11
2.585 9.58 45.11
2.584 9.59 45.11
2.582 9.59 45.11
2.579 9.6 45.11
2.573 9.63 45.11
2.57 9.64 45.11
2.569 9.65 45.11
2.569 9.64 45.11
2.569 9.64 45.11
2.567 9.65 45.11
2.565 9.67 45.11
2.563 9.68 45.11
2.562 9.68 45.11
2.558 9.69 45.11
2.555 9.7 45.11
2.554 9.71 45.11
2.55 9.73 45.11
2.546 9.74 45.11
2.543 9.75 45.11
2.541 9.76 45.11
2.537 9.77 45.11
2.532 9.79 45.11
2.529 9.8 45.11
2.528 9.81 45.11
2.527 9.82 45.11
2.524 9.83 45.11
2.524 9.83 45.11
2.523 9.84 45.11
2.52 9.85 45.11
2.519 9.85 45.11
2.519 9.86 45.11
2.519 9.85 45.11
2.517 9.86 45.11
2.515 9.88 45.11
2.515 9.88 45.11
2.515 9.88 45.11
2.515 9.88 45.11
2.515 9.87 45.11
2.516 9.88 45.11
2.516 9.87 45.11
2.516 9.88 45.11
2.516 9.88 45.11
2.517 9.88 45.1
2.517 9.87 45.11
2.517 9.88 45.11
2.517 9.88 45.1
2.517 9.88 45.1
2.517 9.87 45.1
2.517 9.88 45.1
2.514 9.89 45.1
2.508 9.92 45.1
2.505 9.93 45.1
2.501 9.94 45.1
2.497 9.95 45.1
2.494 9.96 45.1
2.492 9.98 45.1
2.49 9.99 45.1
2.484 10 45.1
2.474 10.04 45.1
2.469 10.06 45.1
2.469 10.05 45.1
2.469 10.06 45.1
2.467 10.07 45.1
2.465 10.07 45.1
2.464 10.07 45.1
2.461 10.09 45.1
2.458 10.11 45.1
2.457 10.11 45.1
2.457 10.11 45.1
2.455 10.13 45.1
2.451 10.15 45.1
2.448 10.15 45.1
2.444 10.17 45.1
2.441 10.17 45.1
2.439 10.19 45.1
2.438 10.2 45.1
2.438 10.2 45.1
2.436 10.2 45.1
2.433 10.22 45.1
2.431 10.22 45.1
2.429 10.23 45.1
2.426 10.25 45.1
2.423 10.25 45.1
2.422 10.27 45.1
2.421 10.28 45.1
2.418 10.29 45.1
2.414 10.3 45.1
2.412 10.31 45.1
2.412 10.31 45.1
2.412 10.32 45.1
2.413 10.31 45.1
2.411 10.33 45.1
2.406 10.35 45.1
2.404 10.35 45.1
2.402 10.36 45.1
2.399 10.37 45.1
2.396 10.39 45.1
2.391 10.4 45.1
2.386 10.43 45.1
2.382 10.44 45.1
2.378 10.45 45.1
2.375 10.48 45.1
2.371 10.5 45.1
2.367 10.51 45.1
2.365 10.52 45.1
2.366 10.52 45.1
2.365 10.52 45.1
2.361 10.53 45.1
2.357 10.55 45.1
2.356 10.55 45.1
2.357 10.55 45.1
2.357 10.55 45.1
2.358 10.55 45.1
2.358 10.55 45.1
2.358 10.55 45.1
2.356 10.56 45.1
2.353 10.58 45.1
2.352 10.58 45.1
2.351 10.59 45.1
2.348 10.59 45.1
2.344 10.62 45.1
2.342 10.63 45.1
2.339 10.64 45.1
2.336 10.66 45.1
2.332 10.67 45.1
2.329 10.69 45.1
2.326 10.71 45.1
2.324 10.7 45.1
2.323 10.71 45.1
2.322 10.73 45.1
2.321 10.74 45.1
2.319 10.74 45.09
2.318 10.74 45.09
2.316 10.75 45.09
2.312 10.78 45.09
2.309 10.79 45.09
2.307 10.8 45.09
2.305 10.81 45.09
2.305 10.82 45.09
2.304 10.81 45.09
2.302 10.84 45.09
2.297 10.86 45.09
2.296 10.85 45.09
2.294 10.87 45.09
2.291 10.89 45.09
2.287 10.9 45.09
2.283 10.92 45.09
2.279 10.94 45.09
2.273 10.97 45.09
2.27 10.99 45.09
2.269 10.99 45.09
2.267 11.01 45.09
2.265 11.01 45.09
2.265 11.01 45.09
2.262 11.03 45.09
2.258 11.05 45.09
2.257 11.05 45.09
2.254 11.07 45.09
2.251 11.09 45.09
2.248 11.11 45.09
2.245 11.12 45.09
2.243 11.13 45.09
2.241 11.14 45.09
2.24 11.15 45.09
2.239 11.16 45.09
2.238 11.16 45.09
2.237 11.17 45.09
2.235 11.17 45.09
2.233 11.19 45.09
2.23 11.2 45.09
2.227 11.22 45.09
2.224 11.24 45.09
2.222 11.25 45.09
2.219 11.25 45.09
2.216 11.27 45.09
2.216 11.28 45.09
2.215 11.28 45.09
2.215 11.29 45.09
2.215 11.29 45.09
2.214 11.3 45.09
2.213 11.3 45.09
2.211 11.31 45.09
2.21 11.32 45.09
2.21 11.32 45.09
2.209 11.33 45.09
2.206 11.35 45.09
2.204 11.35 45.09
2.203 11.36 45.09
2.202 11.36 45.09
2.201 11.37 45.09
2.199 11.39 45.09
2.196 11.39 45.09
2.194 11.4 45.09
2.192 11.42 45.09
2.188 11.43 45.09
2.181 11.47 45.09
2.178 11.48 45.09
2.178 11.48 45.09
2.176 11.49 45.09
2.174 11.5 45.09
2.174 11.51 45.09
2.174 11.51 45.09
2.172 11.52 45.09
2.17 11.53 45.09
2.17 11.53 45.09
2.169 11.54 45.09
2.167 11.55 45.09
2.166 11.55 45.09
2.166 11.56 45.09
2.166 11.56 45.09
2.165 11.56 45.09
2.163 11.58 45.09
2.161 11.59 45.09
2.16 11.6 45.09
2.159 11.6 45.09
2.158 11.6 45.09
2.157 11.61 45.09
2.155 11.62 45.09
2.152 11.64 45.09
2.15 11.65 45.09
2.148 11.65 45.09
2.145 11.67 45.09
2.142 11.69 45.09
2.138 11.71 45.09
2.135 11.72 45.09
2.135 11.72 45.09
2.135 11.72 45.09
2.133 11.75 45.09
2.13 11.76 45.09
2.129 11.77 45.09
2.129 11.76 45.09
2.129 11.76 45.09
2.13 11.77 45.09
2.13 11.77 45.09
2.13 11.76 45.09
2.13 11.77 45.08
2.131 11.77 45.08
2.131 11.77 45.08
2.131 11.76 45.08
2.131 11.77 45.08
2.131 11.76 45.08
2.131 11.77 45.08
2.131 11.76 45.08
2.13 11.78 45.08
2.125 11.8 45.08
2.118 11.84 45.08
2.113 11.86 45.08
2.111 11.86 45.08
2.109 11.87 45.08
2.107 11.89 45.08
2.104 11.91 45.08
2.1 11.93 45.08
2.097 11.95 45.08
2.094 11.96 45.08
2.091 11.98 45.08
2.089 11.99 45.08
2.088 12 45.08
2.087 12 45.08
2.086 12.01 45.08
2.085 12.02 45.08
2.084 12.02 45.08
2.083 12.03 45.08
2.082 12.04 45.08
2.081 12.05 45.08
2.081 12.04 45.08
2.082 12.05 45.08
2.08 12.05 45.08
2.078 12.06 45.08
2.076 12.07 45.08
2.074 12.09 45.08
2.073 12.1 45.08
2.071 12.12 45.08
2.07 12.12 45.08
2.07 12.12 45.08
2.069 12.13 45.08
2.069 12.13 45.08
2.066 12.16 45.08
2.062 12.17 45.08
2.061 12.18 45.08
2.061 12.18 45.08
2.061 12.18 45.08
2.061 12.18 45.08
2.06 12.19 45.08
2.059 12.19 45.08
2.058 12.19 45.08
2.058 12.2 45.08
2.057 12.21 45.08
2.057 12.21 45.07
2.056 12.22 45.07
2.056 12.22 45.07
2.056 12.22 45.07
2.055 12.23 45.07
2.055 12.23 45.07
2.055 12.22 45.07
2.055 12.23 45.07
2.055 12.23 45.07
2.051 12.26 45.07
2.046 12.28 45.07
2.043 12.29 45.07
2.04 12.31 45.07
2.036 12.33 45.07
2.033 12.36 45.07
2.032 12.37 45.07
2.032 12.36 45.07
2.031 12.37 45.07
2.025 12.41 45.07
2.022 12.42 45.07
2.021 12.43 45.07
2.02 12.44 45.07
2.019 12.45 45.07
2.017 12.45 45.07
2.016 12.47 45.07
2.015 12.48 45.07
2.016 12.47 45.07
2.015 12.49 45.07
2.012 12.49 45.07
2.011 12.5 45.07
2.009 12.52 45.07
2.008 12.53 45.07
2.007 12.54 45.07
2.005 12.55 45.07
2.003 12.56 45.07
2 12.59 45.07
1.998 12.6 45.07
1.996 12.6 45.07
1.993 12.64 45.07
1.99 12.65 45.07
1.988 12.66 45.07
1.987 12.67 45.07
1.986 12.68 45.07
1.983 12.69 45.07
1.982 12.7 45.07
1.982 12.7 45.07
1.981 12.7 45.07
1.981 12.7 45.07
1.98 12.71 45.07
1.978 12.72 45.07
1.977 12.74 45.07
1.977 12.74 45.07
1.977 12.74 45.07
1.978 12.74 45.07
1.978 12.73 45.07
1.978 12.75 45.07
1.976 12.75 45.07
1.976 12.76 45.07
1.976 12.76 45.07
1.975 12.76 45.07
1.974 12.77 45.07
1.971 12.79 45.07
1.968 12.81 45.07
1.967 12.81 45.07
1.966 12.82 45.07
1.964 12.83 45.07
1.962 12.85 45.07
1.959 12.86 45.07
1.956 12.87 45.07
1.956 12.88 45.07
1.955 12.89 45.07
1.953 12.9 45.07
1.952 12.91 45.07
1.951 12.91 45.07
1.948 12.93 45.07
1.947 12.95 45.07
1.947 12.95 45.07
1.947 12.95 45.07
1.947 12.95 45.07
1.946 12.96 45.07
1.945 12.97 45.07
1.942 12.99 45.07
1.941 12.99 45.07
1.939 13 45.07
1.937 13.01 45.07
1.936 13.02 45.07
1.935 13.03 45.07
1.934 13.04 45.07
1.932 13.06 45.07
1.93 13.07 45.07
1.928 13.09 45.07
1.927 13.09 45.07
1.926 13.1 45.07
1.925 13.11 45.07
1.924 13.11 45.07
1.923 13.11 45.07
1.923 13.12 45.07
1.923 13.13 45.07
1.921 13.15 45.07
1.919 13.15 45.07
1.918 13.16 45.06
1.916 13.16 45.06
1.914 13.18 45.06
1.913 13.19 45.06
1.913 13.19 45.06
1.911 13.21 45.06
1.908 13.23 45.06
1.905 13.25 45.06
1.903 13.26 45.06
1.9 13.27 45.06
1.898 13.3 45.06
1.898 13.3 45.06
1.896 13.31 45.06
1.893 13.32 45.06
1.892 13.34 45.06
1.89 13.35 45.06
1.889 13.36 45.06
1.888 13.37 45.06
1.887 13.38 45.06
1.886 13.39 45.06
1.885 13.39 45.06
1.882 13.41 45.06
1.88 13.43 45.06
1.878 13.45 45.06
1.876 13.46 45.06
1.876 13.46 45.06
1.875 13.47 45.06
1.874 13.47 45.06
1.873 13.48 45.06
1.873 13.49 45.06
1.872 13.49 45.06
1.871 13.49 45.06
1.871 13.51 45.06
1.87 13.52 45.06
1.869 13.52 45.06
1.868 13.53 45.06
1.867 13.53 45.06
1.865 13.54 45.06
1.864 13.56 45.06
1.863 13.57 45.06
1.861 13.57 45.06
1.86 13.59 45.06
1.86 13.59 45.06
1.858 13.61 45.06
1.857 13.62 45.06
1.857 13.62 45.06
1.855 13.63 45.06
1.853 13.64 45.06
1.853 13.66 45.06
1.852 13.65 45.06
1.852 13.66 45.06
1.851 13.67 45.06
1.85 13.68 45.06
1.849 13.68 45.06
1.847 13.69 45.06
1.845 13.71 45.06
1.845 13.72 45.06
1.844 13.72 45.06
1.842 13.74 45.06
1.839 13.76 45.06
1.837 13.77 45.06
1.835 13.79 45.06
1.834 13.8 45.06
1.832 13.82 45.06
1.829 13.84 45.06
1.827 13.85 45.06
1.826 13.87 45.06
1.824 13.88 45.06
1.822 13.89 45.06
1.82 13.9 45.06
1.819 13.92 45.06
1.817 13.93 45.06
1.816 13.95 45.06
1.814 13.95 45.06
1.813 13.96 45.06
1.813 13.96 45.06
1.812 13.98 45.06
1.81 13.99 45.06
1.808 14 45.06
1.807 14.01 45.06
1.805 14.02 45.06
1.805 14.04 45.06
1.804 14.05 45.06
1.803 14.06 45.06
1.802 14.06 45.06
1.801 14.08 45.06
1.8 14.08 45.06
1.799 14.09 45.06
1.798 14.1 45.06
1.797 14.1 45.06
1.796 14.12 45.06
1.794 14.13 45.06
1.793 14.14 45.06
1.792 14.15 45.06
1.792 14.15 45.06
1.792 14.15 45.06
1.79 14.16 45.06
1.788 14.18 45.06
1.788 14.19 45.05
1.788 14.19 45.06
1.788 14.18 45.06
1.788 14.19 45.06
1.788 14.19 45.05
1.787 14.2 45.05
1.786 14.2 45.05
1.785 14.2 45.05
1.784 14.22 45.05
1.782 14.24 45.05
1.778 14.26 45.05
1.774 14.29 45.05
1.771 14.31 45.05
1.769 14.33 45.05
1.767 14.34 45.05
1.765 14.35 45.05
1.764 14.37 45.05
1.763 14.38 45.05
1.762 14.39 45.05
1.762 14.39 45.05
1.762 14.4 45.05
1.761 14.39 45.05
1.76 14.42 45.05
1.757 14.43 45.05
1.756 14.45 45.05
1.755 14.45 45.05
1.754 14.46 45.05
1.753 14.48 45.05
1.751 14.49 45.05
1.75 14.5 45.05
1.75 14.51 45.05
1.749 14.53 45.05
1.747 14.54 45.05
1.747 14.54 45.05
1.747 14.54 45.05
1.746 14.54 45.05
1.746 14.55 45.05
1.745 14.56 45.05
1.742 14.57 45.05
1.741 14.59 45.05
1.74 14.6 45.05
1.74 14.61 45.05
1.74 14.61 45.05
1.74 14.6 45.05
1.74 14.6 45.05
1.739 14.61 45.05
1.738 14.61 45.05
1.737 14.62 45.05
1.737 14.63 45.05
1.737 14.64 45.05
1.736 14.64 45.05
1.736 14.65 45.05
1.735 14.65 45.05
1.735 14.65 45.05
1.734 14.66 45.05
1.733 14.66 45.05
1.732 14.67 45.05
1.73 14.69 45.05
1.728 14.71 45.05
1.725 14.73 45.05
1.723 14.76 45.05
1.719 14.77 45.05
1.716 14.8 45.05
1.714 14.82 45.05
1.713 14.83 45.05
1.713 14.84 45.05
1.713 14.83 45.05
1.714 14.83 45.05
1.713 14.85 45.05
1.709 14.87 45.05
1.706 14.9 45.05
1.704 14.91 45.05
1.703 14.92 45.05
1.703 14.93 45.05
1.702 14.94 45.05
1.7 14.95 45.05
1.698 14.96 45.05
1.695 14.99 45.05
1.694 14.99 45.05
1.694 15 45.05
1.693 15.01 45.05
1.692 15.01 45.05
1.691 15.03 45.05
1.69 15.04 45.05
1.689 15.04 45.05
1.689 15.04 45.05
1.688 15.05 45.05
1.687 15.07 45.05
1.688 15.07 45.05
1.688 15.07 45.05
1.688 15.06 45.05
1.688 15.07 45.05
1.688 15.07 45.05
1.687 15.08 45.05
1.687 15.08 45.05
1.687 15.08 45.05
1.687 15.08 45.05
1.687 15.08 45.05
1.687 15.08 45.05
1.687 15.08 45.05
1.686 15.08 45.05
1.686 15.09 45.05
1.684 15.1 45.05
1.683 15.11 45.05
1.682 15.12 45.05
1.68 15.13 45.05
1.678 15.15 45.05
1.677 15.16 45.05
1.675 15.18 45.05
1.673 15.2 45.05
1.671 15.21 45.05
1.67 15.23 45.04
1.669 15.24 45.05
1.667 15.25 45.04
1.667 15.26 45.04
1.667 15.26 45.04
1.667 15.27 45.04
1.667 15.27 45.04
1.666 15.29 45.04
1.664 15.32 45.04
1.662 15.33 45.04
1.66 15.35 45.04
1.658 15.36 45.04
1.657 15.36 45.04
1.656 15.37 45.04
1.656 15.38 45.04
1.655 15.39 45.04
1.654 15.4 45.04
1.653 15.4 45.04
1.653 15.4 45.04
1.652 15.4 45.04
1.652 15.41 45.04
1.651 15.41 45.04
1.649 15.42 45.04
1.648 15.43 45.04
1.648 15.44 45.04
1.647 15.45 45.04
1.646 15.46 45.04
1.645 15.46 45.04
1.644 15.47 45.04
1.643 15.48 45.04
1.642 15.48 45.04
1.641 15.49 45.04
1.641 15.5 45.04
1.64 15.5 45.04
1.64 15.51 45.04
1.639 15.51 45.04
1.638 15.52 45.04
1.638 15.53 45.04
1.637 15.53 45.04
1.637 15.54 45.04
1.636 15.54 45.04
1.635 15.55 45.04
1.635 15.55 45.04
1.634 15.56 45.04
1.633 15.57 45.04
1.633 15.58 45.04
1.631 15.59 45.04
1.631 15.6 45.04
1.629 15.6 45.04
1.628 15.62 45.04
1.626 15.63 45.04
1.626 15.65 45.04
1.624 15.66 45.04
1.623 15.67 45.04
1.623 15.67 45.04
1.622 15.68 45.04
1.62 15.7 45.04
1.619 15.71 45.04
1.619 15.72 45.04
1.619 15.72 45.04
1.618 15.72 45.04
1.617 15.74 45.04
1.615 15.77 45.04
1.613 15.79 45.04
1.611 15.81 45.03
1.611 15.82 45.03
1.61 15.83 45.03
1.61 15.84 45.03
1.609 15.85 45.03
1.608 15.86 45.03
1.606 15.86 45.03
1.605 15.87 45.03
1.605 15.87 45.03
1.604 15.88 45.03
1.603 15.88 45.03
1.602 15.89 45.03
1.6 15.9 45.03
1.598 15.93 45.03
1.597 15.94 45.03
1.596 15.95 45.03
1.596 15.95 45.03
1.597 15.95 45.03
1.597 15.95 45.03
1.597 15.95 45.03
1.596 15.96 45.03
1.594 15.97 45.03
1.593 15.98 45.03
1.593 15.98 45.03
1.593 15.98 45.03
1.593 15.99 45.03
1.593 15.99 45.03
1.593 15.99 45.03
1.592 15.99 45.03
1.59 16.01 45.03
1.589 16.02 45.03
1.589 16.04 45.03
1.587 16.05 45.03
1.587 16.05 45.03
1.586 16.06 45.03
1.584 16.08 45.03
1.582 16.1 45.03
1.579 16.12 45.03
1.578 16.15 45.03
1.575 16.19 45.03
1.572 16.22 45.03
1.57 16.23 45.03
1.569 16.25 45.03
1.569 16.26 45.03
1.568 16.27 45.03
1.568 16.28 45.03
1.567 16.28 45.03
1.566 16.3 45.03
1.565 16.31 45.03
1.564 16.32 45.03
1.563 16.33 45.03
1.562 16.35 45.03
1.561 16.36 45.03
1.56 16.37 45.03
1.56 16.37 45.03
1.559 16.38 45.03
1.558 16.39 45.03
1.557 16.4 45.03
1.557 16.41 45.03
1.557 16.41 45.03
1.556 16.42 45.03
1.556 16.42 45.03
1.556 16.42 45.03
1.555 16.43 45.03
1.555 16.43 45.03
1.555 16.43 45.03
1.555 16.43 45.03
1.555 16.44 45.03
1.555 16.44 45.03
1.555 16.45 45.03
1.554 16.45 45.03
1.554 16.45 45.03
1.554 16.46 45.03
1.554 16.46 45.03
1.554 16.46 45.03
1.554 16.46 45.03
1.554 16.47 45.03
1.553 16.47 45.03
1.553 16.47 45.03
1.553 16.47 45.03
1.552 16.48 45.03
1.551 16.49 45.03
1.551 16.49 45.03
1.55 16.5 45.03
1.55 16.5 45.03
1.549 16.51 45.03
1.548 16.52 45.03
1.548 16.52 45.03
1.547 16.53 45.03
1.546 16.55 45.03
1.543 16.57 45.03
1.541 16.59 45.03
1.539 16.61 45.03
1.538 16.62 45.03
1.537 16.64 45.03
1.535 16.66 45.03
1.533 16.67 45.03
1.531 16.69 45.03
1.531 16.69 45.03
1.531 16.7 45.03
1.531 16.7 45.03
1.53 16.71 45.03
1.53 16.71 45.03
1.53 16.72 45.03
1.53 16.72 45.03
1.529 16.73 45.03
1.528 16.74 45.03
1.528 16.75 45.03
1.527 16.75 45.03
1.526 16.76 45.03
1.526 16.77 45.03
1.525 16.78 45.03
1.523 16.79 45.02
1.522 16.8 45.02
1.521 16.82 45.03
1.519 16.83 45.02
1.518 16.85 45.02
1.516 16.87 45.02
1.516 16.88 45.02
1.515 16.89 45.02
1.515 16.89 45.02
1.514 16.9 45.02
1.513 16.91 45.02
1.512 16.92 45.02
1.512 16.93 45.02
1.511 16.94 45.02
1.51 16.95 45.02
1.509 16.96 45.02
1.509 16.96 45.02
1.509 16.97 45.02
1.508 16.98 45.02
1.508 16.98 45.02
1.507 16.98 45.02
1.507 16.99 45.02
1.506 17.01 45.02
1.505 17.02 45.02
1.504 17.03 45.02
1.503 17.04 45.02
1.502 17.05 45.02
1.501 17.06 45.02
1.5 17.07 45.02
1.499 17.08 45.02
1.498 17.1 45.02
1.497 17.11 45.02
1.496 17.12 45.02
1.495 17.13 45.02
1.495 17.14 45.02
1.494 17.15 45.02
1.493 17.16 45.02
1.493 17.17 45.02
1.492 17.18 45.02
1.491 17.18 45.02
1.491 17.19 45.02
1.49 17.19 45.02
1.489 17.2 45.02
1.488 17.21 45.02
1.487 17.23 45.02
1.486 17.24 45.02
1.486 17.25 45.02
1.485 17.25 45.02
1.485 17.26 45.02
1.484 17.27 45.02
1.484 17.27 45.02
1.483 17.28 45.02
1.483 17.29 45.02
1.482 17.29 45.02
1.482 17.3 45.02
1.482 17.3 45.02
1.481 17.31 45.02
1.481 17.31 45.02
1.481 17.31 45.02
1.481 17.32 45.02
1.48 17.32 45.02
1.48 17.32 45.02
1.48 17.33 45.02
1.48 17.33 45.02
1.48 17.33 45.02
1.479 17.34 45.02
1.479 17.35 45.02
1.478 17.36 45.02
1.477 17.37 45.02
1.475 17.39 45.02
1.475 17.4 45.02
1.473 17.41 45.02
1.472 17.42 45.02
1.471 17.43 45.02
1.47 17.45 45.02
1.469 17.46 45.02
1.468 17.47 45.02
1.467 17.48 45.02
1.466 17.5 45.02
1.465 17.51 45.02
1.464 17.52 45.02
1.462 17.53 45.02
1.462 17.54 45.02
1.461 17.55 45.02
1.461 17.56 45.02
1.46 17.57 45.02
1.459 17.58 45.02
1.458 17.59 45.02
1.457 17.6 45.02
1.456 17.62 45.02
1.455 17.63 45.02
1.453 17.65 45.02
1.452 17.66 45.02
1.451 17.68 45.02
1.45 17.69 45.02
1.449 17.7 45.02
1.449 17.71 45.02
1.448 17.72 45.02
1.447 17.73 45.02
1.446 17.74 45.02
1.446 17.75 45.02
1.445 17.76 45.02
1.445 17.77 45.02
1.444 17.78 45.02
1.442 17.79 45.02
1.441 17.81 45.02
1.441 17.81 45.02
1.439 17.83 45.02
1.438 17.84 45.02
1.438 17.85 45.02
1.437 17.86 45.02
1.437 17.87 45.02
1.436 17.88 45.02
1.435 17.88 45.02
1.435 17.89 45.02
1.434 17.9 45.02
1.434 17.9 45.02
1.434 17.91 45.01
1.433 17.92 45.02
1.432 17.93 45.02
1.431 17.95 45.02
1.43 17.96 45.02
1.428 17.98 45.02
1.427 17.99 45.01
1.426 18.01 45.01
1.424 18.02 45.01
1.422 18.04 45.01
1.42 18.07 45.01
1.419 18.09 45.01
1.418 18.1 45.01
1.418 18.11 45.01
1.417 18.12 45.01
1.416 18.13 45.01
1.416 18.13 45.01
1.415 18.14 45.01
1.415 18.15 45.01
1.414 18.17 45.01
1.413 18.18 45.01
1.412 18.19 45.01
1.412 18.2 45.01
1.411 18.21 45.01
1.41 18.22 45.01
1.409 18.23 45.01
1.408 18.24 45.01
1.408 18.26 45.01
1.407 18.27 45.01
1.405 18.28 45.01
1.404 18.3 45.01
1.403 18.31 45.01
1.401 18.34 45.01
1.4 18.35 45.01
1.399 18.36 45.01
1.398 18.37 45.01
1.397 18.38 45.01
1.397 18.39 45.01
1.397 18.39 45.01
1.397 18.39 45.01
1.397 18.4 45.01
1.397 18.4 45.01
1.397 18.4 45.01
1.397 18.41 45.01
1.396 18.41 45.01
1.395 18.42 45.01
1.394 18.44 45.01
1.393 18.45 45.01
1.392 18.47 45.01
1.39 18.49 45.01
1.389 18.51 45.01
1.387 18.53 45.01
1.385 18.55 45.01
1.384 18.57 45.01
1.383 18.58 45.01
1.381 18.6 45.01
1.38 18.62 45.01
1.378 18.64 45.01
1.378 18.65 45.01
1.377 18.66 45.01
1.377 18.67 45.01
1.376 18.68 45
1.375 18.7 45.01
1.373 18.72 45
1.371 18.74 45
1.371 18.76 45
1.37 18.76 45
1.37 18.77 45
1.37 18.77 45
1.369 18.78 45
1.369 18.79 45
1.369 18.79 45
1.368 18.8 45
1.368 18.81 45
1.367 18.82 45
1.367 18.83 45
1.366 18.84 45
1.366 18.84 45
1.365 18.85 45
1.365 18.85 45
1.364 18.86 45
1.364 18.87 45
1.363 18.88 45
1.363 18.89 45
1.362 18.89 45
1.361 18.91 45
1.36 18.93 45
1.358 18.94 45
1.357 18.96 45
1.357 18.96 45
1.356 18.97 45
1.355 18.98 45
1.355 18.99 45
1.354 19 45
1.354 19.01 45
1.354 19.01 45
1.353 19.02 45
1.353 19.02 45
1.353 19.03 45
1.352 19.03 45
1.352 19.04 45
1.352 19.04 45
1.352 19.05 45
1.352 19.06 45
1.351 19.06 45
1.351 19.07 45
1.35 19.07 45
1.35 19.08 45
1.349 19.09 45
1.349 19.1 45
1.348 19.1 45
1.347 19.11 45
1.347 19.12 45
1.346 19.13 45
1.345 19.14 45
1.345 19.14 45
1.345 19.15 45
1.344 19.16 45
1.343 19.17 45
1.342 19.18 45
1.342 19.19 45
1.341 19.2 45
1.341 19.21 45
1.341 19.21 45
1.34 19.22 45
1.34 19.22 45
1.34 19.22 45
1.339 19.23 45
1.339 19.24 45
1.339 19.24 45
1.339 19.24 45
1.339 19.25 45
1.339 19.25 45
1.338 19.25 45
1.338 19.25 45
1.338 19.26 45
1.338 19.26 45
1.338 19.27 45
1.338 19.27 45
1.337 19.28 45
1.337 19.28 45
1.337 19.29 45
1.337 19.29 45
1.337 19.29 45
1.337 19.29 45
1.336 19.29 45
1.336 19.29 45
1.336 19.29 45
1.336 19.3 45
1.336 19.3 45
1.336 19.3 45
1.335 19.31 45
1.335 19.31 45
1.335 19.32 45
1.334 19.32 45
1.334 19.33 45
1.334 19.33 45
1.333 19.33 45
1.333 19.34 45
1.333 19.35 45
1.332 19.36 45
1.331 19.37 45
1.331 19.38 45
1.33 19.39 45
1.329 19.4 45
1.328 19.41 45
1.327 19.42 45
1.327 19.43 45
1.326 19.45 45
1.325 19.45 45
1.325 19.46 44.99
1.324 19.47 45
1.324 19.48 44.99
1.323 19.49 45
1.322 19.5 44.99
1.322 19.5 44.99
1.322 19.51 44.99
1.321 19.52 44.99
1.321 19.52 44.99
1.321 19.53 44.99
1.32 19.54 44.99
1.32 19.54 44.99
1.32 19.54 44.99
1.319 19.55 44.99
1.319 19.56 44.99
1.319 19.56 44.99
1.319 19.57 44.99
1.318 19.57 44.99
1.318 19.58 44.99
1.318 19.58 44.99
1.317 19.59 44.99
1.317 19.6 44.99
1.316 19.6 44.99
1.316 19.61 44.99
1.316 19.61 44.99
1.315 19.62 44.99
1.314 19.63 44.99
1.314 19.64 44.99
1.313 19.65 44.99
1.312 19.66 44.99
1.311 19.68 44.99
1.311 19.68 44.99
1.311 19.69 44.99
1.31 19.69 44.99
1.31 19.7 44.99
1.309 19.7 44.99
1.309 19.71 44.99
1.308 19.72 44.99
1.308 19.73 44.99
1.308 19.73 44.99
1.307 19.74 44.99
1.306 19.75 44.99
1.306 19.76 44.99
1.306 19.76 44.99
1.306 19.76 44.99
1.305 19.77 44.99
1.305 19.78 44.99
1.305 19.78 44.99
1.304 19.79 44.99
1.304 19.8 44.99
1.303 19.81 44.99
1.303 19.81 44.99
1.303 19.81 44.99
1.303 19.82 44.99
1.302 19.82 44.99
1.302 19.83 44.99
1.301 19.84 44.99
1.301 19.84 44.99
1.3 19.85 44.99
1.3 19.86 44.99
1.299 19.87 44.99
1.298 19.89 44.99
1.297 19.9 44.99
1.296 19.91 44.99
1.295 19.93 44.99
1.295 19.93 44.99
1.294 19.94 44.99
1.294 19.95 44.99
1.293 19.97 44.99
1.292 19.97 44.99
1.291 19.98 44.99
1.29 20 44.99
1.29 20.01 44.99
1.289 20.02 44.99
1.289 20.03 44.99
1.288 20.04 44.99
1.288 20.04 44.99
1.287 20.05 44.99
1.287 20.06 44.99
1.286 20.07 44.99
1.286 20.08 44.99
1.285 20.09 44.99
1.284 20.1 44.99
1.284 20.11 44.99
1.283 20.13 44.99
1.282 20.14 44.99
1.281 20.16 44.99
1.28 20.17 44.99
1.279 20.19 44.99
1.278 20.2 44.99
1.277 20.22 44.99
1.276 20.23 44.99
1.275 20.26 44.99
1.275 20.27 44.99
1.274 20.28 44.99
1.273 20.29 44.99
1.272 20.31 44.99
1.271 20.33 44.99
1.271 20.34 44.99
1.27 20.35 44.99
1.269 20.36 44.99
1.269 20.37 44.99
1.268 20.38 44.99
1.267 20.39 44.99
1.267 20.4 44.99
1.266 20.41 44.99
1.266 20.42 44.99
1.266 20.42 44.99
1.265 20.43 44.99
1.264 20.44 44.99
1.264 20.45 44.99
1.264 20.45 44.99
1.264 20.46 44.99
1.264 20.46 44.99
1.263 20.47 44.99
1.263 20.47 44.99
1.263 20.48 44.99
1.263 20.49 44.99
1.262 20.5 44.99
1.262 20.5 44.99
1.261 20.51 44.99
1.26 20.52 44.99
1.259 20.53 44.99
1.259 20.55 44.98
1.258 20.56 44.98
1.257 20.58 44.98
1.256 20.59 44.98
1.255 20.61 44.98
1.254 20.62 44.98
1.254 20.63 44.98
1.253 20.64 44.98
1.252 20.66 44.98
1.251 20.67 44.98
1.251 20.68 44.98
1.25 20.69 44.98
1.249 20.71 44.98
1.249 20.72 44.98
1.248 20.73 44.98
1.248 20.74 44.98
1.247 20.75 44.98
1.246 20.76 44.98
1.246 20.77 44.98
1.246 20.77 44.98
1.245 20.78 44.98
1.245 20.79 44.98
1.244 20.81 44.98
1.244 20.82 44.98
1.243 20.82 44.98
1.242 20.84 44.98
1.242 20.85 44.98
1.24 20.87 44.98
1.239 20.88 44.98
1.238 20.9 44.98
1.238 20.91 44.98
1.237 20.92 44.98
1.237 20.93 44.98
1.236 20.94 44.98
1.236 20.95 44.98
1.236 20.95 44.98
1.235 20.96 44.98
1.235 20.97 44.98
1.234 20.98 44.98
1.234 20.99 44.98
1.233 20.99 44.98
1.232 21.01 44.98
1.231 21.03 44.98
1.23 21.04 44.98
1.23 21.05 44.98
1.229 21.06 44.98
1.229 21.07 44.98
1.229 21.07 44.98
1.229 21.08 44.98
1.228 21.09 44.98
1.227 21.1 44.98
1.227 21.11 44.98
1.226 21.13 44.98
1.225 21.14 44.98
1.225 21.15 44.98
1.224 21.16 44.98
1.224 21.17 44.98
1.223 21.18 44.98
1.222 21.19 44.98
1.222 21.2 44.98
1.221 21.22 44.98
1.219 21.25 44.98
1.218 21.28 44.98
1.217 21.29 44.98
1.217 21.3 44.98
1.216 21.3 44.98
1.215 21.32 44.98
1.214 21.33 44.98
1.214 21.34 44.97
1.213 21.36 44.97
1.212 21.37 44.97
1.212 21.38 44.97
1.211 21.39 44.97
1.21 21.41 44.97
1.209 21.43 44.97
1.209 21.43 44.97
1.208 21.44 44.97
1.207 21.46 44.97
1.206 21.48 44.97
1.206 21.49 44.97
1.205 21.5 44.97
1.205 21.51 44.97
1.205 21.51 44.97
1.204 21.52 44.97
1.203 21.54 44.97
1.202 21.56 44.97
1.202 21.57 44.97
1.201 21.58 44.97
1.201 21.59 44.97
1.2 21.59 44.97
1.2 21.6 44.97
1.199 21.61 44.97
1.199 21.61 44.97
1.199 21.63 44.97
1.199 21.63 44.97
1.199 21.64 44.97
1.198 21.64 44.97
1.198 21.65 44.97
1.198 21.65 44.97
1.198 21.66 44.97
1.197 21.67 44.97
1.197 21.67 44.97
1.197 21.68 44.97
1.197 21.68 44.97
1.197 21.68 44.97
1.196 21.69 44.97
1.196 21.69 44.97
1.196 21.7 44.97
1.195 21.71 44.97
1.194 21.73 44.97
1.193 21.74 44.97
1.192 21.77 44.97
1.19 21.8 44.97
1.189 21.83 44.97
1.188 21.84 44.97
1.188 21.85 44.97
1.187 21.86 44.97
1.187 21.86 44.97
1.187 21.87 44.97
1.186 21.88 44.97
1.185 21.9 44.97
1.185 21.92 44.97
1.184 21.93 44.97
1.183 21.94 44.97
1.183 21.95 44.97
1.183 21.96 44.97
1.182 21.97 44.97
1.181 21.98 44.97
1.181 21.99 44.97
1.18 22 44.97
1.179 22.02 44.97
1.179 22.03 44.97
1.178 22.04 44.97
1.178 22.05 44.97
1.178 22.05 44.97
1.178 22.05 44.97
1.177 22.06 44.97
1.177 22.07 44.97
1.176 22.08 44.97
1.175 22.1 44.97
1.175 22.11 44.97
1.174 22.11 44.97
1.174 22.12 44.97
1.174 22.12 44.97
1.173 22.13 44.97
1.173 22.13 44.97
1.173 22.14 44.97
1.173 22.15 44.97
1.172 22.16 44.97
1.171 22.17 44.97
1.171 22.18 44.97
1.171 22.18 44.97
1.17 22.19 44.97
