1.022 22.18 -0.11
1.023 22.17 -0.11
1.023 22.16 -0.11
1.024 22.15 -0.11
1.024 22.14 -0.11
1.025 22.13 -0.11
1.025 22.12 -0.11
1.025 22.12 -0.11
1.025 22.12 -0.11
1.025 22.11 -0.11
1.025 22.11 -0.11
1.026 22.11 -0.11
1.026 22.1 -0.11
1.026 22.1 -0.11
1.026 22.09 -0.11
1.027 22.09 -0.11
1.027 22.08 -0.11
1.028 22.07 -0.11
1.028 22.06 -0.11
1.029 22.05 -0.11
1.029 22.04 -0.11
1.029 22.03 -0.11
1.029 22.03 -0.11
1.03 22.03 -0.11
1.03 22.02 -0.11
1.03 22.01 -0.11
1.031 22 -0.11
1.031 21.99 -0.11
1.032 21.98 -0.11
1.033 21.97 -0.11
1.033 21.95 -0.11
1.034 21.94 -0.11
1.035 21.93 -0.11
1.035 21.92 -0.12
1.036 21.9 -0.12
1.036 21.89 -0.12
1.036 21.89 -0.12
1.037 21.87 -0.12
1.037 21.87 -0.12
1.037 21.86 -0.12
1.038 21.85 -0.12
1.038 21.84 -0.12
1.039 21.83 -0.12
1.039 21.81 -0.12
1.04 21.8 -0.12
1.04 21.79 -0.12
1.041 21.78 -0.12
1.041 21.76 -0.12
1.042 21.74 -0.12
1.043 21.73 -0.12
1.044 21.71 -0.12
1.044 21.7 -0.12
1.045 21.69 -0.12
1.045 21.68 -0.12
1.046 21.67 -0.13
1.046 21.66 -0.13
1.046 21.65 -0.13
1.047 21.65 -0.13
1.047 21.65 -0.13
1.047 21.64 -0.13
1.047 21.64 -0.13
1.047 21.63 -0.13
1.048 21.63 -0.13
1.048 21.62 -0.13
1.048 21.62 -0.13
1.048 21.61 -0.13
1.048 21.6 -0.13
1.048 21.6 -0.13
1.049 21.6 -0.13
1.049 21.6 -0.13
1.049 21.59 -0.13
1.05 21.58 -0.13
1.051 21.56 -0.13
1.052 21.55 -0.13
1.052 21.53 -0.13
1.053 21.52 -0.13
1.053 21.51 -0.13
1.054 21.5 -0.13
1.055 21.49 -0.13
1.055 21.48 -0.13
1.056 21.47 -0.13
1.056 21.45 -0.13
1.057 21.44 -0.13
1.057 21.43 -0.13
1.057 21.43 -0.13
1.058 21.42 -0.13
1.059 21.4 -0.13
1.059 21.38 -0.13
1.06 21.38 -0.13
1.06 21.37 -0.13
1.06 21.37 -0.13
1.061 21.36 -0.13
1.061 21.35 -0.13
1.061 21.34 -0.13
1.061 21.34 -0.13
1.062 21.33 -0.13
1.062 21.32 -0.13
1.063 21.31 -0.13
1.063 21.3 -0.13
1.064 21.29 -0.13
1.065 21.28 -0.13
1.065 21.27 -0.13
1.066 21.26 -0.13
1.066 21.26 -0.13
1.066 21.26 -0.13
1.066 21.26 -0.13
1.066 21.25 -0.13
1.066 21.24 -0.13
1.067 21.22 -0.13
1.068 21.21 -0.13
1.068 21.2 -0.13
1.069 21.2 -0.13
1.069 21.19 -0.13
1.069 21.18 -0.13
1.069 21.17 -0.13
1.07 21.17 -0.13
1.07 21.16 -0.13
1.07 21.16 -0.13
1.07 21.16 -0.13
1.071 21.15 -0.13
1.071 21.15 -0.13
1.071 21.15 -0.13
1.071 21.15 -0.13
1.071 21.14 -0.13
1.072 21.13 -0.13
1.072 21.12 -0.13
1.073 21.1 -0.13
1.074 21.09 -0.13
1.074 21.08 -0.13
1.075 21.07 -0.13
1.076 21.06 -0.13
1.076 21.05 -0.13
1.077 21.03 -0.13
1.078 21.02 -0.13
1.079 21 -0.13
1.08 20.99 -0.13
1.08 20.98 -0.13
1.081 20.97 -0.13
1.081 20.96 -0.13
1.081 20.95 -0.13
1.082 20.94 -0.13
1.082 20.93 -0.13
1.082 20.93 -0.13
1.082 20.92 -0.14
1.083 20.91 -0.13
1.083 20.9 -0.13
1.084 20.89 -0.13
1.084 20.88 -0.13
1.085 20.87 -0.13
1.085 20.86 -0.13
1.086 20.85 -0.14
1.087 20.84 -0.14
1.087 20.82 -0.14
1.088 20.81 -0.14
1.089 20.8 -0.14
1.089 20.79 -0.14
1.09 20.78 -0.14
1.09 20.76 -0.14
1.091 20.75 -0.14
1.092 20.73 -0.14
1.093 20.72 -0.14
1.093 20.71 -0.14
1.094 20.7 -0.14
1.095 20.69 -0.14
1.095 20.68 -0.14
1.095 20.67 -0.14
1.096 20.66 -0.14
1.096 20.66 -0.14
1.097 20.65 -0.14
1.097 20.63 -0.14
1.098 20.62 -0.14
1.099 20.61 -0.14
1.099 20.6 -0.14
1.1 20.58 -0.14
1.101 20.57 -0.14
1.102 20.56 -0.14
1.102 20.55 -0.14
1.103 20.54 -0.14
1.103 20.52 -0.14
1.104 20.51 -0.14
1.105 20.49 -0.14
1.106 20.48 -0.14
1.106 20.47 -0.14
1.107 20.46 -0.14
1.107 20.45 -0.14
1.108 20.44 -0.14
1.108 20.43 -0.14
1.109 20.41 -0.14
1.11 20.4 -0.14
1.11 20.4 -0.14
1.11 20.39 -0.14
1.111 20.38 -0.14
1.111 20.37 -0.14
1.111 20.37 -0.14
1.111 20.36 -0.14
1.112 20.35 -0.14
1.113 20.34 -0.14
1.114 20.32 -0.14
1.115 20.3 -0.14
1.116 20.28 -0.14
1.117 20.27 -0.14
1.117 20.26 -0.14
1.118 20.24 -0.14
1.118 20.23 -0.14
1.119 20.23 -0.14
1.119 20.22 -0.14
1.119 20.21 -0.14
1.12 20.2 -0.15
1.12 20.19 -0.14
1.121 20.18 -0.15
1.121 20.17 -0.15
1.122 20.16 -0.15
1.123 20.15 -0.15
1.123 20.13 -0.15
1.124 20.12 -0.15
1.124 20.12 -0.15
1.124 20.12 -0.15
1.125 20.11 -0.15
1.125 20.11 -0.15
1.125 20.11 -0.15
1.125 20.1 -0.15
1.126 20.09 -0.15
1.127 20.08 -0.15
1.127 20.06 -0.15
1.128 20.05 -0.15
1.128 20.04 -0.15
1.129 20.03 -0.15
1.129 20.02 -0.15
1.129 20.02 -0.15
1.13 20.01 -0.15
1.13 20 -0.15
1.131 19.99 -0.15
1.132 19.98 -0.15
1.132 19.96 -0.15
1.134 19.95 -0.15
1.134 19.94 -0.15
1.135 19.93 -0.15
1.135 19.91 -0.15
1.136 19.91 -0.15
1.136 19.9 -0.15
1.137 19.89 -0.15
1.138 19.87 -0.15
1.139 19.85 -0.15
1.14 19.83 -0.15
1.141 19.82 -0.15
1.142 19.8 -0.15
1.143 19.79 -0.15
1.144 19.77 -0.15
1.144 19.76 -0.15
1.145 19.75 -0.15
1.145 19.74 -0.15
1.146 19.73 -0.15
1.146 19.73 -0.15
1.146 19.72 -0.15
1.147 19.71 -0.15
1.147 19.71 -0.15
1.147 19.7 -0.15
1.148 19.7 -0.15
1.148 19.69 -0.15
1.148 19.69 -0.16
1.148 19.68 -0.16
1.149 19.67 -0.16
1.15 19.66 -0.16
1.151 19.65 -0.16
1.151 19.64 -0.16
1.152 19.63 -0.16
1.152 19.63 -0.16
1.152 19.62 -0.16
1.153 19.62 -0.16
1.153 19.61 -0.16
1.153 19.61 -0.17
1.153 19.6 -0.17
1.154 19.59 -0.17
1.154 19.59 -0.17
1.155 19.58 -0.17
1.155 19.57 -0.17
1.155 19.57 -0.17
1.155 19.56 -0.17
1.156 19.55 -0.17
1.156 19.54 -0.17
1.157 19.54 -0.17
1.157 19.52 -0.17
1.158 19.52 -0.17
1.158 19.51 -0.17
1.159 19.5 -0.17
1.159 19.49 -0.17
1.16 19.48 -0.17
1.161 19.47 -0.17
1.161 19.46 -0.17
1.162 19.44 -0.17
1.163 19.43 -0.17
1.164 19.41 -0.17
1.164 19.41 -0.17
1.165 19.4 -0.17
1.165 19.39 -0.17
1.166 19.38 -0.17
1.166 19.37 -0.17
1.167 19.37 -0.17
1.167 19.36 -0.17
1.167 19.35 -0.17
1.168 19.34 -0.17
1.168 19.33 -0.17
1.169 19.32 -0.17
1.169 19.31 -0.17
1.17 19.31 -0.17
1.17 19.31 -0.17
1.17 19.3 -0.17
1.171 19.29 -0.17
1.171 19.29 -0.17
1.171 19.28 -0.17
1.172 19.27 -0.17
1.172 19.25 -0.17
1.173 19.25 -0.17
1.173 19.24 -0.17
1.173 19.24 -0.17
1.173 19.24 -0.17
1.174 19.23 -0.17
1.174 19.23 -0.17
1.175 19.22 -0.17
1.175 19.21 -0.17
1.175 19.2 -0.17
1.177 19.19 -0.17
1.177 19.18 -0.17
1.178 19.17 -0.17
1.179 19.16 -0.17
1.18 19.15 -0.17
1.181 19.13 -0.18
1.181 19.12 -0.17
1.182 19.12 -0.18
1.182 19.11 -0.18
1.183 19.1 -0.18
1.183 19.09 -0.18
1.184 19.08 -0.18
1.184 19.08 -0.18
1.184 19.07 -0.18
1.185 19.06 -0.18
1.185 19.06 -0.18
1.185 19.05 -0.18
1.186 19.04 -0.18
1.187 19.02 -0.18
1.187 19.02 -0.18
1.187 19.01 -0.18
1.188 19.01 -0.18
1.188 19 -0.18
1.188 18.99 -0.18
1.189 18.99 -0.18
1.189 18.98 -0.18
1.19 18.97 -0.18
1.19 18.97 -0.18
1.19 18.97 -0.18
1.191 18.96 -0.18
1.191 18.95 -0.18
1.191 18.94 -0.18
1.192 18.94 -0.18
1.193 18.93 -0.18
1.193 18.92 -0.18
1.194 18.9 -0.18
1.195 18.89 -0.18
1.196 18.88 -0.18
1.197 18.86 -0.18
1.197 18.86 -0.18
1.198 18.85 -0.18
1.198 18.84 -0.18
1.198 18.83 -0.18
1.199 18.82 -0.18
1.199 18.82 -0.18
1.2 18.8 -0.18
1.201 18.79 -0.18
1.202 18.78 -0.18
1.202 18.77 -0.18
1.203 18.76 -0.18
1.204 18.75 -0.18
1.204 18.74 -0.18
1.204 18.74 -0.18
1.205 18.74 -0.18
1.205 18.73 -0.19
1.206 18.71 -0.19
1.208 18.7 -0.19
1.208 18.68 -0.19
1.209 18.68 -0.19
1.21 18.67 -0.19
1.21 18.66 -0.19
1.21 18.65 -0.19
1.211 18.64 -0.19
1.212 18.63 -0.19
1.212 18.62 -0.19
1.213 18.61 -0.19
1.214 18.59 -0.19
1.215 18.58 -0.19
1.216 18.57 -0.19
1.216 18.57 -0.19
1.216 18.56 -0.19
1.216 18.55 -0.19
1.217 18.55 -0.19
1.217 18.54 -0.19
1.217 18.54 -0.19
1.218 18.53 -0.19
1.218 18.52 -0.19
1.219 18.51 -0.19
1.219 18.5 -0.19
1.219 18.5 -0.19
1.22 18.5 -0.19
1.22 18.49 -0.19
1.221 18.48 -0.19
1.221 18.47 -0.19
1.222 18.47 -0.19
1.222 18.46 -0.19
1.223 18.45 -0.19
1.224 18.44 -0.19
1.224 18.43 -0.19
1.225 18.42 -0.19
1.225 18.4 -0.19
1.226 18.4 -0.19
1.226 18.4 -0.19
1.227 18.39 -0.19
1.228 18.37 -0.19
1.229 18.36 -0.19
1.229 18.35 -0.19
1.23 18.34 -0.19
1.231 18.33 -0.19
1.231 18.32 -0.19
1.232 18.31 -0.19
1.233 18.3 -0.19
1.234 18.29 -0.19
1.234 18.29 -0.19
1.234 18.29 -0.19
1.234 18.28 -0.19
1.235 18.26 -0.19
1.237 18.25 -0.19
1.238 18.23 -0.19
1.239 18.22 -0.19
1.24 18.21 -0.19
1.241 18.19 -0.19
1.242 18.19 -0.19
1.242 18.17 -0.19
1.243 18.16 -0.19
1.243 18.15 -0.19
1.244 18.14 -0.19
1.245 18.13 -0.19
1.246 18.11 -0.19
1.246 18.1 -0.19
1.247 18.1 -0.19
1.247 18.09 -0.19
1.247 18.08 -0.19
1.248 18.08 -0.19
1.248 18.07 -0.19
1.249 18.06 -0.19
1.249 18.06 -0.19
1.249 18.05 -0.19
1.25 18.04 -0.19
1.251 18.03 -0.19
1.252 18.02 -0.19
1.252 18.01 -0.19
1.253 18 -0.19
1.254 17.99 -0.19
1.254 17.98 -0.19
1.255 17.97 -0.19
1.256 17.96 -0.19
1.257 17.95 -0.19
1.258 17.92 -0.19
1.26 17.91 -0.19
1.261 17.89 -0.19
1.262 17.88 -0.19
1.263 17.86 -0.19
1.264 17.85 -0.19
1.264 17.84 -0.19
1.265 17.83 -0.19
1.266 17.82 -0.19
1.267 17.81 -0.19
1.267 17.8 -0.19
1.269 17.79 -0.19
1.27 17.77 -0.19
1.272 17.75 -0.19
1.272 17.74 -0.19
1.272 17.73 -0.19
1.273 17.73 -0.19
1.273 17.71 -0.19
1.274 17.7 -0.19
1.275 17.7 -0.19
1.275 17.69 -0.19
1.276 17.68 -0.19
1.276 17.67 -0.19
1.277 17.67 -0.19
1.278 17.66 -0.19
1.278 17.64 -0.19
1.279 17.63 -0.19
1.28 17.62 -0.19
1.281 17.6 -0.19
1.282 17.59 -0.19
1.283 17.58 -0.19
1.284 17.57 -0.19
1.284 17.56 -0.19
1.285 17.55 -0.19
1.286 17.54 -0.19
1.286 17.53 -0.19
1.286 17.52 -0.19
1.287 17.51 -0.19
1.288 17.5 -0.19
1.289 17.49 -0.19
1.29 17.48 -0.19
1.29 17.47 -0.19
1.292 17.46 -0.19
1.293 17.44 -0.19
1.294 17.44 -0.19
1.294 17.42 -0.19
1.295 17.41 -0.19
1.296 17.4 -0.19
1.297 17.39 -0.19
1.298 17.38 -0.19
1.298 17.37 -0.19
1.299 17.36 -0.19
1.3 17.35 -0.19
1.301 17.34 -0.19
1.301 17.33 -0.19
1.302 17.32 -0.19
1.302 17.31 -0.19
1.303 17.3 -0.19
1.304 17.29 -0.19
1.305 17.28 -0.19
1.305 17.28 -0.19
1.306 17.27 -0.19
1.307 17.26 -0.19
1.307 17.25 -0.2
1.308 17.24 -0.19
1.309 17.22 -0.2
1.309 17.21 -0.2
1.31 17.21 -0.2
1.311 17.2 -0.2
1.312 17.19 -0.2
1.313 17.18 -0.2
1.314 17.16 -0.2
1.315 17.15 -0.2
1.316 17.14 -0.2
1.316 17.13 -0.2
1.317 17.12 -0.2
1.317 17.11 -0.2
1.318 17.11 -0.2
1.318 17.1 -0.2
1.319 17.09 -0.2
1.319 17.09 -0.2
1.319 17.08 -0.2
1.32 17.07 -0.2
1.321 17.06 -0.2
1.322 17.05 -0.2
1.323 17.03 -0.2
1.323 17.02 -0.2
1.323 17.02 -0.2
1.324 17.01 -0.2
1.324 17 -0.2
1.326 16.98 -0.2
1.328 16.96 -0.2
1.329 16.95 -0.2
1.33 16.95 -0.2
1.331 16.93 -0.2
1.332 16.91 -0.2
1.334 16.89 -0.2
1.335 16.88 -0.2
1.336 16.86 -0.2
1.338 16.85 -0.2
1.339 16.83 -0.2
1.339 16.83 -0.2
1.339 16.83 -0.2
1.339 16.82 -0.2
1.34 16.81 -0.2
1.341 16.8 -0.2
1.342 16.79 -0.2
1.343 16.78 -0.2
1.344 16.77 -0.2
1.344 16.76 -0.2
1.344 16.76 -0.2
1.345 16.76 -0.2
1.345 16.75 -0.2
1.346 16.74 -0.2
1.346 16.74 -0.2
1.346 16.73 -0.2
1.347 16.72 -0.2
1.347 16.72 -0.2
1.348 16.71 -0.2
1.349 16.7 -0.2
1.35 16.69 -0.2
1.351 16.68 -0.2
1.352 16.66 -0.2
1.353 16.65 -0.2
1.354 16.64 -0.2
1.354 16.63 -0.2
1.355 16.62 -0.2
1.355 16.62 -0.2
1.356 16.61 -0.2
1.356 16.61 -0.2
1.356 16.6 -0.2
1.357 16.59 -0.2
1.357 16.58 -0.2
1.358 16.58 -0.2
1.359 16.57 -0.2
1.36 16.56 -0.2
1.361 16.55 -0.2
1.361 16.55 -0.2
1.362 16.53 -0.2
1.363 16.52 -0.2
1.363 16.52 -0.2
1.364 16.5 -0.2
1.365 16.49 -0.2
1.366 16.48 -0.2
1.367 16.48 -0.2
1.368 16.46 -0.2
1.369 16.45 -0.2
1.371 16.43 -0.2
1.372 16.42 -0.2
1.373 16.41 -0.2
1.374 16.4 -0.2
1.375 16.38 -0.2
1.376 16.38 -0.2
1.376 16.37 -0.2
1.377 16.37 -0.2
1.377 16.36 -0.2
1.379 16.34 -0.2
1.38 16.33 -0.2
1.38 16.32 -0.2
1.381 16.31 -0.2
1.382 16.3 -0.2
1.383 16.28 -0.2
1.384 16.27 -0.2
1.385 16.26 -0.2
1.385 16.25 -0.2
1.386 16.24 -0.2
1.387 16.23 -0.2
1.387 16.22 -0.2
1.388 16.21 -0.2
1.389 16.2 -0.2
1.39 16.19 -0.2
1.391 16.18 -0.2
1.392 16.16 -0.2
1.393 16.14 -0.2
1.394 16.12 -0.2
1.395 16.11 -0.2
1.397 16.09 -0.2
1.398 16.08 -0.2
1.398 16.06 -0.2
1.399 16.06 -0.2
1.401 16.04 -0.2
1.402 16.03 -0.2
1.403 16 -0.2
1.405 15.98 -0.2
1.407 15.96 -0.2
1.408 15.96 -0.2
1.408 15.95 -0.2
1.409 15.94 -0.2
1.409 15.94 -0.2
1.41 15.92 -0.2
1.412 15.9 -0.2
1.413 15.9 -0.2
1.413 15.89 -0.2
1.413 15.89 -0.2
1.414 15.88 -0.2
1.414 15.88 -0.21
1.415 15.87 -0.2
1.415 15.87 -0.21
1.416 15.87 -0.21
1.416 15.87 -0.21
1.416 15.86 -0.21
1.417 15.86 -0.21
1.417 15.86 -0.21
1.418 15.85 -0.21
1.418 15.85 -0.21
1.419 15.85 -0.21
1.419 15.85 -0.21
1.419 15.85 -0.21
1.42 15.84 -0.21
1.42 15.84 -0.21
1.421 15.83 -0.21
1.421 15.82 -0.21
1.421 15.81 -0.21
1.422 15.81 -0.21
1.422 15.8 -0.21
1.422 15.79 -0.21
1.423 15.79 -0.21
1.424 15.79 -0.21
1.424 15.77 -0.21
1.425 15.76 -0.21
1.426 15.75 -0.21
1.427 15.73 -0.21
1.428 15.72 -0.21
1.429 15.71 -0.21
1.43 15.7 -0.21
1.431 15.69 -0.21
1.432 15.67 -0.21
1.432 15.66 -0.21
1.432 15.66 -0.21
1.433 15.65 -0.21
1.434 15.65 -0.21
1.435 15.64 -0.21
1.436 15.62 -0.21
1.437 15.62 -0.21
1.438 15.6 -0.21
1.439 15.59 -0.21
1.44 15.58 -0.21
1.441 15.57 -0.21
1.441 15.56 -0.21
1.442 15.55 -0.21
1.442 15.55 -0.21
1.443 15.54 -0.21
1.443 15.54 -0.21
1.443 15.53 -0.21
1.444 15.53 -0.21
1.445 15.51 -0.21
1.446 15.5 -0.21
1.447 15.5 -0.21
1.448 15.49 -0.21
1.448 15.48 -0.21
1.449 15.48 -0.21
1.45 15.47 -0.21
1.451 15.46 -0.21
1.452 15.45 -0.21
1.453 15.45 -0.21
1.454 15.44 -0.21
1.455 15.43 -0.21
1.456 15.42 -0.21
1.457 15.41 -0.21
1.458 15.41 -0.21
1.458 15.41 -0.21
1.459 15.4 -0.21
1.46 15.39 -0.21
1.461 15.39 -0.21
1.461 15.39 -0.21
1.462 15.38 -0.21
1.463 15.37 -0.22
1.464 15.37 -0.21
1.465 15.36 -0.22
1.466 15.35 -0.22
1.467 15.34 -0.22
1.468 15.32 -0.22
1.469 15.32 -0.22
1.469 15.31 -0.22
1.47 15.3 -0.22
1.471 15.29 -0.22
1.472 15.28 -0.22
1.473 15.25 -0.22
1.475 15.24 -0.22
1.477 15.22 -0.22
1.477 15.2 -0.22
1.479 15.2 -0.22
1.481 15.17 -0.22
1.481 15.17 -0.22
1.482 15.16 -0.22
1.482 15.15 -0.22
1.484 15.13 -0.22
1.485 15.12 -0.22
1.486 15.12 -0.22
1.487 15.11 -0.22
1.488 15.08 -0.22
1.489 15.07 -0.22
1.49 15.07 -0.22
1.491 15.06 -0.22
1.492 15.04 -0.22
1.494 15.03 -0.22
1.495 15.02 -0.22
1.496 15 -0.22
1.497 15 -0.22
1.498 14.99 -0.22
1.499 14.99 -0.22
1.499 14.99 -0.22
1.499 14.98 -0.22
1.5 14.97 -0.22
1.501 14.96 -0.22
1.501 14.95 -0.22
1.502 14.95 -0.22
1.503 14.95 -0.22
1.503 14.95 -0.22
1.504 14.94 -0.22
1.504 14.94 -0.22
1.504 14.93 -0.22
1.505 14.93 -0.22
1.507 14.91 -0.22
1.509 14.9 -0.22
1.511 14.89 -0.22
1.512 14.87 -0.22
1.513 14.86 -0.22
1.514 14.85 -0.22
1.515 14.84 -0.22
1.516 14.83 -0.22
1.517 14.82 -0.22
1.518 14.81 -0.22
1.519 14.8 -0.22
1.52 14.79 -0.22
1.521 14.78 -0.22
1.521 14.76 -0.22
1.522 14.76 -0.22
1.523 14.76 -0.22
1.524 14.75 -0.22
1.525 14.74 -0.22
1.525 14.73 -0.22
1.526 14.72 -0.22
1.527 14.71 -0.22
1.528 14.7 -0.22
1.529 14.7 -0.22
1.529 14.68 -0.22
1.53 14.66 -0.22
1.531 14.66 -0.22
1.532 14.65 -0.22
1.534 14.64 -0.22
1.535 14.63 -0.22
1.536 14.61 -0.22
1.537 14.6 -0.22
1.538 14.59 -0.22
1.539 14.58 -0.22
1.541 14.56 -0.22
1.543 14.55 -0.22
1.544 14.54 -0.22
1.545 14.53 -0.22
1.546 14.52 -0.22
1.547 14.51 -0.22
1.548 14.5 -0.22
1.549 14.5 -0.22
1.55 14.49 -0.22
1.551 14.48 -0.22
1.552 14.46 -0.22
1.554 14.45 -0.22
1.555 14.44 -0.22
1.557 14.43 -0.22
1.558 14.42 -0.22
1.558 14.4 -0.22
1.559 14.4 -0.22
1.561 14.38 -0.22
1.563 14.36 -0.22
1.565 14.34 -0.22
1.567 14.34 -0.22
1.569 14.32 -0.22
1.571 14.3 -0.22
1.572 14.28 -0.22
1.573 14.28 -0.22
1.574 14.26 -0.22
1.576 14.25 -0.22
1.577 14.24 -0.22
1.578 14.23 -0.22
1.58 14.21 -0.22
1.582 14.2 -0.22
1.583 14.19 -0.22
1.584 14.17 -0.22
1.585 14.16 -0.22
1.587 14.14 -0.22
1.588 14.14 -0.22
1.588 14.14 -0.22
1.589 14.11 -0.22
1.59 14.1 -0.22
1.591 14.1 -0.22
1.593 14.08 -0.22
1.593 14.07 -0.22
1.594 14.06 -0.22
1.596 14.05 -0.22
1.598 14.04 -0.22
1.6 14.02 -0.22
1.601 14.01 -0.22
1.602 14.01 -0.22
1.603 13.99 -0.22
1.603 13.99 -0.22
1.604 13.99 -0.22
1.604 13.99 -0.22
1.606 13.97 -0.22
1.608 13.95 -0.22
1.61 13.94 -0.23
1.611 13.94 -0.23
1.612 13.93 -0.23
1.612 13.92 -0.23
1.612 13.91 -0.23
1.613 13.91 -0.23
1.613 13.91 -0.23
1.613 13.9 -0.23
1.614 13.9 -0.23
1.615 13.89 -0.23
1.615 13.89 -0.23
1.616 13.88 -0.23
1.617 13.87 -0.23
1.618 13.87 -0.23
1.618 13.86 -0.23
1.619 13.85 -0.23
1.619 13.85 -0.23
1.62 13.84 -0.23
1.622 13.83 -0.23
1.623 13.82 -0.23
1.624 13.8 -0.23
1.626 13.79 -0.23
1.627 13.78 -0.23
1.628 13.77 -0.23
1.629 13.76 -0.23
1.631 13.74 -0.23
1.632 13.73 -0.23
1.633 13.73 -0.23
1.634 13.73 -0.23
1.635 13.71 -0.23
1.637 13.69 -0.23
1.639 13.68 -0.23
1.64 13.66 -0.23
1.641 13.65 -0.23
1.642 13.64 -0.23
1.644 13.63 -0.23
1.645 13.61 -0.23
1.647 13.6 -0.23
1.648 13.58 -0.23
1.649 13.58 -0.23
1.65 13.57 -0.23
1.651 13.56 -0.23
1.652 13.56 -0.23
1.653 13.55 -0.23
1.653 13.53 -0.23
1.654 13.53 -0.23
1.654 13.53 -0.23
1.655 13.53 -0.23
1.656 13.52 -0.23
1.656 13.52 -0.23
1.656 13.52 -0.23
1.657 13.51 -0.23
1.658 13.52 -0.23
1.658 13.51 -0.23
1.658 13.51 -0.23
1.658 13.5 -0.23
1.659 13.5 -0.23
1.66 13.48 -0.23
1.661 13.47 -0.23
1.662 13.47 -0.23
1.663 13.47 -0.23
1.663 13.47 -0.23
1.665 13.46 -0.23
1.666 13.45 -0.23
1.668 13.42 -0.23
1.67 13.42 -0.23
1.672 13.41 -0.23
1.673 13.39 -0.23
1.675 13.38 -0.23
1.676 13.36 -0.23
1.678 13.35 -0.23
1.68 13.33 -0.23
1.681 13.32 -0.23
1.682 13.32 -0.23
1.683 13.31 -0.23
1.685 13.3 -0.23
1.687 13.28 -0.23
1.689 13.27 -0.23
1.69 13.26 -0.23
1.692 13.24 -0.23
1.694 13.22 -0.23
1.695 13.21 -0.23
1.696 13.21 -0.23
1.698 13.18 -0.23
1.7 13.17 -0.23
1.702 13.16 -0.23
1.703 13.15 -0.23
1.704 13.14 -0.23
1.705 13.12 -0.23
1.706 13.12 -0.23
1.707 13.11 -0.23
1.709 13.1 -0.23
1.711 13.09 -0.23
1.713 13.06 -0.23
1.715 13.06 -0.23
1.715 13.05 -0.23
1.716 13.05 -0.23
1.716 13.04 -0.23
1.716 13.05 -0.23
1.717 13.04 -0.23
1.717 13.04 -0.23
1.717 13.03 -0.23
1.718 13.02 -0.23
1.719 13.01 -0.23
1.721 13.01 -0.23
1.722 13 -0.23
1.723 12.99 -0.23
1.724 12.98 -0.23
1.724 12.98 -0.23
1.724 12.97 -0.23
1.724 12.97 -0.23
1.725 12.97 -0.23
1.726 12.96 -0.23
1.728 12.96 -0.23
1.729 12.94 -0.23
1.731 12.93 -0.23
1.732 12.92 -0.23
1.733 12.91 -0.23
1.735 12.9 -0.23
1.736 12.88 -0.23
1.738 12.88 -0.23
1.739 12.87 -0.23
1.739 12.86 -0.23
1.74 12.86 -0.23
1.741 12.85 -0.23
1.742 12.84 -0.23
1.742 12.84 -0.23
1.743 12.84 -0.23
1.745 12.82 -0.23
1.747 12.81 -0.23
1.748 12.8 -0.23
1.75 12.77 -0.23
1.753 12.76 -0.23
1.755 12.75 -0.23
1.757 12.72 -0.23
1.759 12.71 -0.23
1.76 12.7 -0.23
1.761 12.7 -0.23
1.763 12.69 -0.23
1.765 12.68 -0.23
1.766 12.66 -0.23
1.768 12.65 -0.23
1.768 12.65 -0.23
1.769 12.65 -0.23
1.77 12.64 -0.23
1.772 12.63 -0.23
1.773 12.61 -0.23
1.775 12.61 -0.23
1.776 12.6 -0.23
1.776 12.6 -0.23
1.776 12.59 -0.23
1.776 12.59 -0.23
1.777 12.59 -0.23
1.778 12.58 -0.23
1.78 12.56 -0.23
1.783 12.54 -0.23
1.786 12.53 -0.23
1.788 12.5 -0.23
1.79 12.49 -0.23
1.792 12.48 -0.23
1.795 12.47 -0.23
1.795 12.46 -0.23
1.796 12.45 -0.23
1.796 12.45 -0.23
1.797 12.45 -0.23
1.797 12.44 -0.23
1.798 12.44 -0.23
1.799 12.42 -0.23
1.8 12.42 -0.23
1.802 12.4 -0.23
1.803 12.39 -0.23
1.805 12.39 -0.23
1.806 12.37 -0.23
1.808 12.36 -0.23
1.809 12.35 -0.23
1.809 12.34 -0.23
1.81 12.34 -0.23
1.812 12.33 -0.23
1.814 12.32 -0.23
1.815 12.31 -0.23
1.816 12.29 -0.23
1.818 12.28 -0.23
1.819 12.27 -0.23
1.82 12.27 -0.23
1.821 12.27 -0.23
1.822 12.25 -0.23
1.823 12.25 -0.23
1.824 12.24 -0.23
1.825 12.23 -0.23
1.826 12.22 -0.23
1.828 12.2 -0.23
1.83 12.19 -0.23
1.832 12.18 -0.23
1.833 12.17 -0.23
1.834 12.17 -0.23
1.835 12.17 -0.23
1.836 12.16 -0.23
1.838 12.15 -0.23
1.839 12.14 -0.23
1.84 12.13 -0.23
1.841 12.12 -0.23
1.842 12.11 -0.23
1.843 12.11 -0.23
1.844 12.1 -0.23
1.844 12.1 -0.23
1.844 12.09 -0.23
1.845 12.08 -0.23
1.846 12.08 -0.23
1.846 12.07 -0.23
1.847 12.07 -0.23
1.847 12.06 -0.23
1.847 12.07 -0.23
1.848 12.07 -0.23
1.848 12.06 -0.23
1.849 12.06 -0.23
1.849 12.06 -0.23
1.851 12.05 -0.23
1.853 12.04 -0.23
1.855 12.02 -0.23
1.858 12.01 -0.23
1.86 11.99 -0.23
1.863 11.98 -0.23
1.865 11.96 -0.23
1.866 11.96 -0.23
1.867 11.95 -0.23
1.869 11.95 -0.23
1.871 11.94 -0.23
1.872 11.92 -0.23
1.874 11.91 -0.23
1.876 11.89 -0.23
1.878 11.89 -0.23
1.879 11.88 -0.23
1.881 11.86 -0.23
1.881 11.86 -0.23
1.882 11.86 -0.23
1.884 11.85 -0.23
1.885 11.84 -0.23
1.885 11.84 -0.23
1.886 11.82 -0.23
1.888 11.82 -0.23
1.891 11.8 -0.24
1.893 11.78 -0.23
1.894 11.77 -0.23
1.896 11.76 -0.23
1.898 11.75 -0.23
1.9 11.75 -0.23
1.9 11.74 -0.24
1.902 11.72 -0.24
1.904 11.71 -0.23
1.906 11.7 -0.23
1.908 11.69 -0.24
1.91 11.68 -0.24
1.912 11.66 -0.24
1.913 11.65 -0.24
1.914 11.65 -0.23
1.916 11.65 -0.24
1.918 11.64 -0.24
1.919 11.62 -0.23
1.92 11.62 -0.23
1.921 11.6 -0.23
1.922 11.6 -0.23
1.924 11.6 -0.23
1.925 11.59 -0.23
1.927 11.58 -0.23
1.929 11.56 -0.23
1.931 11.56 -0.23
1.933 11.56 -0.23
1.934 11.55 -0.23
1.935 11.53 -0.23
1.937 11.52 -0.23
1.937 11.51 -0.23
1.938 11.51 -0.23
1.939 11.51 -0.23
1.94 11.5 -0.23
1.941 11.49 -0.23
1.942 11.48 -0.23
1.944 11.47 -0.23
1.946 11.46 -0.23
1.947 11.45 -0.23
1.948 11.45 -0.23
1.951 11.44 -0.23
1.952 11.43 -0.23
1.952 11.42 -0.23
1.952 11.41 -0.23
1.953 11.42 -0.23
1.955 11.41 -0.23
1.957 11.39 -0.23
1.958 11.38 -0.23
1.96 11.36 -0.23
1.962 11.36 -0.23
1.965 11.35 -0.24
1.967 11.34 -0.23
1.97 11.31 -0.24
1.973 11.3 -0.23
1.975 11.29 -0.23
1.977 11.28 -0.23
1.979 11.27 -0.23
1.982 11.25 -0.23
1.986 11.24 -0.23
1.989 11.22 -0.24
1.991 11.21 -0.24
1.993 11.2 -0.23
1.997 11.17 -0.23
2 11.16 -0.24
2 11.16 -0.24
2 11.16 -0.24
2.001 11.15 -0.23
2.001 11.15 -0.24
2.001 11.15 -0.24
2.001 11.15 -0.24
2.002 11.15 -0.23
2.003 11.15 -0.24
2.004 11.13 -0.24
2.005 11.12 -0.24
2.008 11.11 -0.23
2.012 11.09 -0.24
2.015 11.06 -0.24
2.019 11.05 -0.24
2.021 11.05 -0.24
2.023 11.02 -0.24
2.026 11.01 -0.24
2.028 11 -0.24
2.03 10.98 -0.23
2.032 10.97 -0.24
2.034 10.95 -0.24
2.037 10.94 -0.24
2.041 10.92 -0.24
2.043 10.91 -0.24
2.045 10.9 -0.24
2.047 10.89 -0.24
2.049 10.88 -0.24
2.05 10.86 -0.24
2.053 10.85 -0.24
2.056 10.84 -0.24
2.058 10.82 -0.24
2.061 10.8 -0.24
2.063 10.79 -0.24
2.066 10.78 -0.24
2.068 10.77 -0.24
2.071 10.75 -0.24
2.073 10.74 -0.24
2.074 10.73 -0.24
2.075 10.73 -0.24
2.077 10.72 -0.24
2.079 10.71 -0.24
2.081 10.69 -0.24
2.083 10.68 -0.24
2.084 10.67 -0.24
2.085 10.67 -0.24
2.086 10.66 -0.24
2.087 10.66 -0.24
2.087 10.65 -0.24
2.088 10.64 -0.24
2.089 10.64 -0.24
2.09 10.64 -0.24
2.092 10.64 -0.24
2.092 10.63 -0.24
2.094 10.63 -0.24
2.095 10.62 -0.24
2.098 10.6 -0.24
2.1 10.59 -0.24
2.102 10.58 -0.24
2.105 10.57 -0.24
2.105 10.56 -0.24
2.106 10.56 -0.24
2.107 10.55 -0.24
2.109 10.54 -0.24
2.11 10.54 -0.24
2.111 10.53 -0.24
2.113 10.52 -0.24
2.114 10.51 -0.24
2.116 10.51 -0.24
2.119 10.49 -0.24
2.122 10.48 -0.24
2.125 10.46 -0.24
2.129 10.45 -0.24
2.132 10.44 -0.24
2.134 10.43 -0.24
2.136 10.42 -0.24
2.137 10.4 -0.24
2.139 10.39 -0.24
2.141 10.39 -0.24
2.143 10.38 -0.24
2.146 10.37 -0.24
2.149 10.35 -0.24
2.151 10.34 -0.24
2.153 10.34 -0.24
2.154 10.33 -0.24
2.155 10.32 -0.24
2.157 10.31 -0.24
2.159 10.3 -0.24
2.16 10.3 -0.24
2.16 10.29 -0.24
2.161 10.29 -0.24
2.163 10.28 -0.24
2.164 10.28 -0.24
2.164 10.27 -0.24
2.165 10.27 -0.24
2.165 10.26 -0.24
2.167 10.26 -0.24
2.169 10.25 -0.24
2.17 10.25 -0.24
2.17 10.25 -0.24
2.171 10.25 -0.24
2.172 10.24 -0.24
2.174 10.23 -0.24
2.176 10.21 -0.24
2.177 10.21 -0.24
2.178 10.2 -0.24
2.179 10.2 -0.24
2.18 10.2 -0.24
2.18 10.19 -0.24
2.181 10.19 -0.24
2.183 10.19 -0.24
2.186 10.17 -0.24
2.19 10.16 -0.24
2.195 10.14 -0.24
2.199 10.12 -0.24
2.201 10.1 -0.24
2.202 10.09 -0.24
2.204 10.09 -0.24
2.206 10.08 -0.24
2.209 10.06 -0.24
2.212 10.05 -0.24
2.214 10.04 -0.24
2.217 10.03 -0.24
2.219 10.01 -0.24
2.219 10 -0.24
2.22 10.01 -0.24
2.222 10 -0.24
2.224 10 -0.24
2.227 9.98 -0.24
2.229 9.97 -0.24
2.231 9.96 -0.24
2.234 9.94 -0.24
2.237 9.94 -0.24
2.24 9.93 -0.24
2.241 9.92 -0.24
2.242 9.9 -0.24
2.245 9.9 -0.24
2.251 9.87 -0.24
2.253 9.85 -0.24
2.255 9.85 -0.24
2.255 9.85 -0.24
2.255 9.85 -0.24
2.257 9.84 -0.24
2.26 9.84 -0.24
2.262 9.83 -0.24
2.264 9.82 -0.24
2.268 9.8 -0.24
2.271 9.79 -0.24
2.273 9.78 -0.24
2.274 9.77 -0.24
2.275 9.76 -0.24
2.278 9.75 -0.24
2.282 9.74 -0.24
2.284 9.74 -0.24
2.284 9.74 -0.24
2.284 9.73 -0.24
2.287 9.72 -0.24
2.291 9.71 -0.24
2.293 9.69 -0.24
2.295 9.68 -0.24
2.297 9.68 -0.24
2.3 9.66 -0.24
2.303 9.64 -0.24
2.306 9.64 -0.24
2.308 9.63 -0.24
2.311 9.61 -0.24
2.314 9.59 -0.24
2.316 9.58 -0.24
2.319 9.57 -0.24
2.321 9.56 -0.24
2.322 9.55 -0.24
2.325 9.53 -0.24
2.328 9.53 -0.24
2.331 9.52 -0.24
2.335 9.5 -0.24
2.338 9.48 -0.24
2.342 9.46 -0.24
2.345 9.45 -0.24
2.346 9.45 -0.24
2.346 9.44 -0.24
2.346 9.43 -0.24
2.347 9.44 -0.24
2.347 9.43 -0.24
2.349 9.42 -0.24
2.351 9.42 -0.24
2.355 9.41 -0.24
2.365 9.38 -0.24
2.376 9.33 -0.24
2.382 9.32 -0.24
2.386 9.31 -0.24
2.39 9.28 -0.24
2.393 9.26 -0.24
2.394 9.26 -0.24
2.396 9.26 -0.24
2.398 9.25 -0.24
2.399 9.24 -0.24
2.399 9.24 -0.24
2.399 9.24 -0.24
2.4 9.23 -0.24
2.4 9.23 -0.24
2.401 9.23 -0.24
2.403 9.22 -0.24
2.404 9.21 -0.24
2.404 9.22 -0.24
2.405 9.21 -0.24
2.407 9.21 -0.24
2.409 9.2 -0.24
2.41 9.2 -0.24
2.412 9.19 -0.24
2.415 9.17 -0.24
2.418 9.16 -0.24
2.42 9.15 -0.24
2.423 9.15 -0.24
2.426 9.13 -0.24
2.43 9.11 -0.24
2.433 9.11 -0.24
2.437 9.08 -0.24
2.441 9.08 -0.24
2.444 9.06 -0.24
2.446 9.06 -0.24
2.447 9.05 -0.24
2.449 9.05 -0.24
2.45 9.03 -0.24
2.452 9.03 -0.24
2.454 9.02 -0.24
2.456 9.01 -0.24
2.458 9 -0.24
2.461 8.98 -0.24
2.462 8.98 -0.24
2.464 8.97 -0.24
2.466 8.95 -0.24
2.469 8.95 -0.24
2.47 8.95 -0.24
2.472 8.94 -0.24
2.475 8.93 -0.24
2.478 8.92 -0.24
2.481 8.91 -0.24
2.485 8.9 -0.24
2.488 8.89 -0.24
2.491 8.88 -0.24
2.493 8.87 -0.24
2.496 8.86 -0.24
2.497 8.85 -0.24
2.5 8.85 -0.24
2.501 8.84 -0.24
2.502 8.83 -0.24
2.502 8.83 -0.24
2.504 8.82 -0.24
2.505 8.82 -0.24
2.507 8.81 -0.24
2.51 8.8 -0.24
2.513 8.8 -0.24
2.516 8.79 -0.24
2.519 8.78 -0.24
2.521 8.76 -0.24
2.524 8.76 -0.24
2.527 8.75 -0.24
2.529 8.75 -0.24
2.532 8.74 -0.24
2.534 8.73 -0.24
2.537 8.71 -0.24
2.54 8.7 -0.24
2.544 8.7 -0.24
2.55 8.67 -0.24
2.555 8.65 -0.24
2.557 8.64 -0.24
2.56 8.64 -0.24
2.563 8.62 -0.24
2.565 8.61 -0.24
2.569 8.6 -0.24
2.571 8.59 -0.24
2.573 8.58 -0.24
2.575 8.58 -0.24
2.577 8.57 -0.24
2.581 8.56 -0.24
2.585 8.55 -0.24
2.589 8.53 -0.24
2.592 8.52 -0.24
2.595 8.51 -0.24
2.601 8.49 -0.24
2.609 8.46 -0.24
2.617 8.44 -0.24
2.621 8.43 -0.24
2.625 8.41 -0.24
2.628 8.41 -0.24
2.63 8.4 -0.24
2.633 8.4 -0.24
2.635 8.39 -0.24
2.636 8.38 -0.24
2.638 8.38 -0.24
2.638 8.37 -0.24
2.639 8.36 -0.24
2.642 8.35 -0.24
2.643 8.35 -0.24
2.644 8.35 -0.24
2.646 8.34 -0.24
2.646 8.34 -0.24
2.647 8.34 -0.24
2.647 8.33 -0.24
2.649 8.33 -0.24
2.651 8.32 -0.24
2.652 8.31 -0.24
2.653 8.31 -0.24
2.654 8.3 -0.24
2.656 8.3 -0.24
2.66 8.3 -0.24
2.664 8.28 -0.24
2.667 8.27 -0.24
2.669 8.26 -0.24
2.673 8.25 -0.24
2.678 8.24 -0.24
2.681 8.22 -0.24
2.683 8.22 -0.24
2.686 8.21 -0.24
2.69 8.21 -0.24
2.693 8.2 -0.24
2.698 8.18 -0.24
2.703 8.16 -0.24
2.708 8.14 -0.24
2.711 8.13 -0.24
2.716 8.12 -0.24
2.72 8.11 -0.24
2.722 8.1 -0.24
2.726 8.08 -0.24
2.731 8.07 -0.24
2.737 8.05 -0.24
2.742 8.04 -0.24
2.748 8.01 -0.24
2.751 8.01 -0.24
2.755 8 -0.24
2.76 7.99 -0.24
2.763 7.98 -0.24
2.765 7.98 -0.24
2.768 7.97 -0.24
2.77 7.96 -0.24
2.772 7.95 -0.24
2.774 7.95 -0.24
2.775 7.94 -0.24
2.775 7.94 -0.24
2.776 7.94 -0.24
2.777 7.93 -0.24
2.778 7.92 -0.24
2.78 7.92 -0.24
2.781 7.91 -0.24
2.782 7.91 -0.24
2.782 7.91 -0.24
2.785 7.91 -0.24
2.786 7.9 -0.24
2.788 7.89 -0.24
2.79 7.89 -0.24
2.793 7.88 -0.24
2.794 7.88 -0.24
2.795 7.87 -0.24
2.797 7.87 -0.24
2.8 7.86 -0.24
2.8 7.85 -0.24
2.801 7.85 -0.24
2.803 7.85 -0.24
2.807 7.83 -0.24
2.812 7.83 -0.24
2.815 7.82 -0.24
2.819 7.81 -0.24
2.827 7.79 -0.24
2.833 7.78 -0.24
2.836 7.76 -0.25
2.841 7.76 -0.24
2.848 7.74 -0.24
2.853 7.72 -0.25
2.857 7.71 -0.24
2.861 7.7 -0.24
2.866 7.69 -0.25
2.871 7.67 -0.24
2.875 7.65 -0.24
2.877 7.65 -0.25
2.881 7.64 -0.24
2.885 7.64 -0.24
2.889 7.61 -0.24
2.893 7.6 -0.24
2.897 7.59 -0.24
2.901 7.58 -0.25
2.904 7.58 -0.25
2.907 7.56 -0.25
2.911 7.55 -0.25
2.915 7.54 -0.25
2.919 7.54 -0.25
2.923 7.52 -0.25
2.924 7.52 -0.25
2.928 7.51 -0.25
2.932 7.5 -0.25
2.935 7.49 -0.25
2.939 7.48 -0.25
2.943 7.46 -0.25
2.947 7.45 -0.25
2.951 7.44 -0.25
2.954 7.43 -0.25
2.955 7.43 -0.25
2.956 7.42 -0.25
2.957 7.42 -0.25
2.958 7.43 -0.25
2.962 7.41 -0.25
2.965 7.4 -0.25
2.968 7.39 -0.25
2.972 7.39 -0.25
2.974 7.38 -0.25
2.975 7.38 -0.25
2.976 7.38 -0.25
2.976 7.37 -0.25
2.978 7.37 -0.25
2.984 7.34 -0.25
2.991 7.34 -0.25
2.997 7.32 -0.25
3.001 7.31 -0.25
3.006 7.3 -0.25
3.013 7.29 -0.25
3.02 7.28 -0.25
3.025 7.26 -0.25
3.027 7.25 -0.25
3.03 7.25 -0.25
3.034 7.24 -0.25
3.037 7.23 -0.25
3.041 7.22 -0.25
3.045 7.21 -0.25
3.049 7.19 -0.25
3.052 7.18 -0.25
3.055 7.18 -0.25
3.057 7.17 -0.25
3.058 7.17 -0.25
3.06 7.17 -0.25
3.063 7.15 -0.25
3.065 7.15 -0.25
3.067 7.14 -0.25
3.069 7.14 -0.25
3.073 7.12 -0.25
3.081 7.1 -0.25
3.09 7.08 -0.25
3.097 7.07 -0.25
3.1 7.07 -0.25
3.102 7.06 -0.25
3.105 7.05 -0.25
3.11 7.04 -0.25
3.117 7.02 -0.25
3.125 7 -0.25
3.134 6.98 -0.25
3.141 6.97 -0.25
3.148 6.95 -0.25
3.153 6.93 -0.25
3.156 6.93 -0.25
3.158 6.93 -0.25
3.16 6.92 -0.25
3.162 6.91 -0.25
3.163 6.91 -0.25
3.164 6.9 -0.25
3.164 6.9 -0.25
3.165 6.9 -0.25
3.167 6.89 -0.25
3.17 6.89 -0.25
3.174 6.88 -0.25
3.18 6.87 -0.25
3.19 6.84 -0.25
3.201 6.83 -0.25
3.207 6.82 -0.25
3.21 6.81 -0.25
3.215 6.81 -0.25
3.22 6.78 -0.25
3.222 6.78 -0.25
3.224 6.78 -0.25
3.229 6.77 -0.25
3.235 6.76 -0.25
3.24 6.74 -0.25
3.243 6.73 -0.25
3.248 6.72 -0.25
3.253 6.71 -0.25
3.257 6.71 -0.25
3.261 6.69 -0.25
3.265 6.68 -0.25
3.268 6.68 -0.25
3.271 6.66 -0.25
3.275 6.65 -0.25
3.279 6.64 -0.25
3.284 6.62 -0.25
3.291 6.61 -0.25
3.296 6.6 -0.25
3.297 6.59 -0.25
3.302 6.58 -0.25
3.31 6.57 -0.25
3.318 6.56 -0.25
3.323 6.55 -0.25
3.328 6.54 -0.25
3.335 6.52 -0.25
3.343 6.5 -0.25
3.347 6.51 -0.25
3.347 6.5 -0.25
3.35 6.48 -0.25
3.357 6.48 -0.25
3.363 6.47 -0.25
3.369 6.46 -0.25
3.375 6.45 -0.25
3.381 6.44 -0.25
3.385 6.43 -0.25
3.388 6.42 -0.25
3.39 6.42 -0.25
3.39 6.42 -0.25
3.392 6.41 -0.25
3.395 6.41 -0.25
3.398 6.4 -0.25
3.399 6.4 -0.25
3.4 6.4 -0.25
3.407 6.38 -0.25
3.418 6.37 -0.25
3.43 6.34 -0.25
3.441 6.32 -0.25
3.446 6.31 -0.25
3.448 6.31 -0.25
3.452 6.31 -0.25
