1.088 22.19 15.42
1.089 22.17 15.42
1.09 22.16 15.42
1.09 22.16 15.42
1.09 22.15 15.42
1.09 22.14 15.42
1.091 22.13 15.42
1.091 22.12 15.42
1.092 22.12 15.42
1.093 22.11 15.42
1.093 22.1 15.42
1.094 22.09 15.42
1.094 22.07 15.42
1.095 22.05 15.42
1.096 22.04 15.42
1.096 22.03 15.42
1.097 22.02 15.42
1.097 22.01 15.42
1.098 22.01 15.42
1.098 22 15.42
1.098 21.99 15.42
1.098 21.98 15.42
1.098 21.98 15.42
1.099 21.97 15.42
1.099 21.96 15.42
1.1 21.95 15.42
1.1 21.94 15.42
1.1 21.94 15.42
1.101 21.93 15.42
1.101 21.93 15.42
1.101 21.92 15.43
1.102 21.91 15.43
1.102 21.9 15.43
1.103 21.89 15.43
1.103 21.88 15.43
1.103 21.87 15.43
1.103 21.87 15.43
1.104 21.86 15.43
1.105 21.85 15.43
1.105 21.84 15.43
1.106 21.83 15.43
1.106 21.81 15.43
1.107 21.8 15.43
1.107 21.79 15.43
1.108 21.77 15.43
1.109 21.76 15.43
1.109 21.75 15.43
1.11 21.74 15.43
1.11 21.73 15.43
1.11 21.72 15.43
1.111 21.72 15.43
1.111 21.71 15.43
1.111 21.7 15.43
1.112 21.7 15.43
1.112 21.69 15.43
1.112 21.69 15.43
1.113 21.68 15.43
1.113 21.67 15.43
1.113 21.67 15.43
1.113 21.66 15.43
1.113 21.66 15.43
1.113 21.65 15.43
1.114 21.65 15.43
1.114 21.65 15.43
1.114 21.64 15.43
1.115 21.64 15.43
1.115 21.63 15.43
1.115 21.62 15.43
1.116 21.61 15.43
1.116 21.6 15.43
1.117 21.59 15.43
1.118 21.58 15.43
1.118 21.57 15.43
1.119 21.55 15.43
1.12 21.54 15.43
1.121 21.52 15.43
1.122 21.51 15.43
1.122 21.49 15.43
1.123 21.49 15.43
1.123 21.48 15.43
1.123 21.47 15.43
1.124 21.46 15.43
1.124 21.45 15.43
1.125 21.44 15.43
1.126 21.42 15.43
1.127 21.41 15.43
1.127 21.39 15.44
1.128 21.38 15.44
1.128 21.38 15.44
1.128 21.37 15.44
1.128 21.37 15.44
1.129 21.36 15.44
1.129 21.35 15.44
1.13 21.34 15.44
1.131 21.32 15.44
1.132 21.3 15.44
1.133 21.28 15.44
1.134 21.27 15.44
1.134 21.27 15.44
1.135 21.25 15.44
1.136 21.23 15.44
1.137 21.21 15.44
1.137 21.2 15.44
1.138 21.19 15.44
1.139 21.17 15.44
1.139 21.17 15.44
1.139 21.17 15.44
1.139 21.16 15.44
1.14 21.14 15.44
1.142 21.13 15.44
1.143 21.11 15.44
1.143 21.1 15.44
1.143 21.09 15.44
1.144 21.08 15.44
1.144 21.07 15.44
1.145 21.06 15.44
1.146 21.05 15.44
1.147 21.04 15.44
1.147 21.03 15.44
1.147 21.02 15.44
1.147 21.02 15.44
1.147 21.01 15.44
1.148 21 15.44
1.148 21 15.44
1.148 20.99 15.44
1.149 20.99 15.44
1.149 20.98 15.44
1.15 20.97 15.44
1.15 20.96 15.44
1.15 20.96 15.44
1.151 20.95 15.44
1.151 20.94 15.44
1.151 20.93 15.44
1.151 20.92 15.44
1.152 20.91 15.44
1.152 20.9 15.44
1.153 20.89 15.44
1.154 20.88 15.44
1.155 20.86 15.44
1.155 20.85 15.44
1.156 20.84 15.45
1.156 20.83 15.45
1.157 20.82 15.45
1.157 20.81 15.45
1.158 20.8 15.45
1.158 20.79 15.45
1.159 20.78 15.45
1.159 20.78 15.45
1.16 20.77 15.45
1.16 20.76 15.45
1.161 20.75 15.45
1.162 20.74 15.45
1.162 20.73 15.45
1.163 20.72 15.45
1.163 20.71 15.45
1.164 20.7 15.45
1.164 20.7 15.45
1.165 20.69 15.45
1.165 20.67 15.45
1.166 20.67 15.45
1.166 20.66 15.45
1.166 20.65 15.45
1.167 20.64 15.45
1.168 20.63 15.45
1.168 20.62 15.45
1.168 20.62 15.45
1.168 20.61 15.45
1.169 20.61 15.45
1.169 20.6 15.45
1.169 20.6 15.45
1.17 20.59 15.45
1.17 20.58 15.45
1.171 20.57 15.45
1.172 20.56 15.45
1.172 20.55 15.45
1.172 20.55 15.45
1.172 20.54 15.45
1.173 20.53 15.45
1.173 20.52 15.45
1.173 20.52 15.45
1.174 20.51 15.45
1.174 20.5 15.45
1.175 20.5 15.45
1.175 20.49 15.45
1.175 20.49 15.45
1.175 20.48 15.45
1.176 20.48 15.45
1.176 20.48 15.45
1.176 20.47 15.45
1.176 20.47 15.45
1.176 20.46 15.45
1.177 20.45 15.45
1.177 20.45 15.45
1.177 20.45 15.45
1.178 20.44 15.45
1.178 20.43 15.45
1.178 20.43 15.45
1.179 20.42 15.45
1.179 20.42 15.45
1.179 20.41 15.45
1.18 20.4 15.45
1.18 20.4 15.45
1.18 20.39 15.45
1.18 20.39 15.45
1.18 20.39 15.45
1.181 20.38 15.45
1.181 20.37 15.45
1.181 20.37 15.45
1.181 20.37 15.45
1.181 20.37 15.45
1.181 20.36 15.45
1.181 20.36 15.46
1.181 20.36 15.45
1.182 20.36 15.46
1.182 20.36 15.46
1.182 20.36 15.46
1.182 20.35 15.46
1.182 20.35 15.46
1.182 20.35 15.46
1.182 20.35 15.46
1.182 20.35 15.46
1.182 20.35 15.46
1.182 20.35 15.46
1.182 20.34 15.46
1.183 20.34 15.46
1.183 20.34 15.46
1.183 20.34 15.46
1.183 20.33 15.46
1.184 20.32 15.46
1.185 20.3 15.46
1.187 20.28 15.46
1.188 20.26 15.46
1.189 20.25 15.46
1.189 20.23 15.46
1.19 20.22 15.46
1.19 20.22 15.46
1.19 20.21 15.46
1.191 20.2 15.46
1.192 20.19 15.46
1.192 20.18 15.46
1.192 20.17 15.46
1.193 20.17 15.46
1.193 20.16 15.46
1.194 20.15 15.46
1.195 20.13 15.46
1.195 20.12 15.46
1.196 20.12 15.46
1.196 20.11 15.46
1.197 20.1 15.46
1.197 20.1 15.46
1.197 20.09 15.46
1.197 20.08 15.46
1.198 20.07 15.46
1.198 20.07 15.46
1.199 20.05 15.46
1.2 20.04 15.46
1.2 20.03 15.46
1.201 20.02 15.46
1.202 20.01 15.46
1.202 20 15.46
1.203 19.99 15.46
1.203 19.98 15.46
1.204 19.97 15.46
1.204 19.97 15.46
1.204 19.96 15.46
1.204 19.95 15.46
1.205 19.95 15.46
1.205 19.94 15.46
1.206 19.93 15.46
1.206 19.93 15.46
1.206 19.92 15.46
1.206 19.92 15.46
1.207 19.91 15.46
1.208 19.9 15.46
1.208 19.88 15.46
1.209 19.87 15.46
1.21 19.86 15.46
1.211 19.85 15.46
1.211 19.84 15.46
1.213 19.82 15.46
1.214 19.81 15.46
1.214 19.8 15.46
1.215 19.79 15.46
1.216 19.78 15.46
1.216 19.77 15.46
1.217 19.76 15.46
1.218 19.75 15.46
1.218 19.74 15.46
1.219 19.73 15.46
1.219 19.72 15.46
1.22 19.71 15.46
1.22 19.7 15.46
1.221 19.69 15.46
1.222 19.68 15.46
1.222 19.68 15.46
1.223 19.66 15.46
1.224 19.65 15.46
1.224 19.64 15.46
1.225 19.63 15.46
1.225 19.62 15.46
1.226 19.61 15.46
1.226 19.6 15.46
1.227 19.6 15.46
1.227 19.58 15.46
1.228 19.57 15.46
1.229 19.55 15.46
1.23 19.54 15.46
1.23 19.53 15.46
1.231 19.52 15.46
1.231 19.51 15.46
1.232 19.5 15.46
1.232 19.49 15.46
1.233 19.48 15.46
1.233 19.48 15.46
1.234 19.47 15.46
1.234 19.47 15.46
1.234 19.46 15.46
1.234 19.46 15.46
1.235 19.45 15.46
1.235 19.45 15.46
1.235 19.44 15.46
1.236 19.43 15.46
1.236 19.41 15.46
1.237 19.41 15.46
1.238 19.4 15.46
1.238 19.39 15.46
1.239 19.38 15.46
1.24 19.37 15.46
1.24 19.36 15.46
1.241 19.35 15.46
1.241 19.34 15.46
1.242 19.33 15.46
1.243 19.32 15.46
1.244 19.3 15.46
1.245 19.29 15.46
1.245 19.28 15.46
1.246 19.27 15.46
1.247 19.25 15.46
1.248 19.24 15.46
1.249 19.22 15.46
1.25 19.2 15.46
1.251 19.19 15.46
1.252 19.18 15.46
1.253 19.17 15.46
1.253 19.16 15.46
1.254 19.15 15.46
1.254 19.15 15.46
1.254 19.14 15.46
1.255 19.13 15.46
1.255 19.11 15.46
1.256 19.1 15.46
1.258 19.09 15.46
1.258 19.07 15.46
1.259 19.07 15.46
1.259 19.06 15.46
1.26 19.05 15.46
1.26 19.04 15.46
1.261 19.03 15.46
1.261 19.02 15.46
1.262 19.02 15.46
1.262 19.01 15.46
1.262 19 15.46
1.263 18.98 15.46
1.264 18.97 15.46
1.265 18.97 15.46
1.265 18.95 15.46
1.266 18.94 15.46
1.267 18.93 15.46
1.267 18.92 15.46
1.268 18.92 15.46
1.268 18.91 15.46
1.269 18.9 15.46
1.269 18.89 15.46
1.27 18.89 15.46
1.271 18.87 15.46
1.272 18.86 15.46
1.273 18.85 15.46
1.273 18.84 15.46
1.274 18.83 15.46
1.274 18.82 15.46
1.275 18.81 15.46
1.276 18.8 15.46
1.276 18.79 15.47
1.277 18.79 15.47
1.278 18.77 15.47
1.279 18.76 15.47
1.28 18.75 15.47
1.28 18.74 15.46
1.281 18.73 15.47
1.281 18.72 15.47
1.282 18.71 15.47
1.283 18.7 15.47
1.283 18.69 15.47
1.284 18.69 15.47
1.284 18.68 15.47
1.285 18.67 15.47
1.285 18.66 15.47
1.286 18.65 15.47
1.287 18.63 15.47
1.288 18.62 15.47
1.288 18.61 15.47
1.289 18.6 15.47
1.29 18.59 15.47
1.291 18.58 15.47
1.292 18.57 15.47
1.292 18.56 15.47
1.292 18.55 15.47
1.293 18.55 15.47
1.293 18.54 15.47
1.293 18.53 15.47
1.294 18.53 15.47
1.294 18.52 15.47
1.295 18.51 15.47
1.295 18.5 15.47
1.296 18.5 15.47
1.296 18.49 15.47
1.297 18.48 15.47
1.297 18.47 15.47
1.298 18.46 15.47
1.299 18.45 15.47
1.299 18.44 15.47
1.3 18.43 15.47
1.3 18.43 15.47
1.301 18.41 15.47
1.302 18.4 15.47
1.302 18.4 15.47
1.303 18.39 15.47
1.304 18.38 15.47
1.304 18.37 15.47
1.305 18.36 15.47
1.306 18.36 15.47
1.307 18.34 15.47
1.308 18.33 15.47
1.309 18.32 15.47
1.31 18.31 15.47
1.31 18.3 15.47
1.311 18.29 15.47
1.312 18.28 15.47
1.312 18.27 15.47
1.313 18.26 15.47
1.314 18.25 15.47
1.315 18.23 15.47
1.316 18.22 15.47
1.317 18.2 15.47
1.318 18.19 15.47
1.319 18.17 15.47
1.32 18.16 15.47
1.321 18.15 15.47
1.322 18.14 15.47
1.322 18.12 15.47
1.323 18.11 15.47
1.323 18.1 15.47
1.324 18.09 15.47
1.325 18.08 15.47
1.325 18.08 15.47
1.326 18.06 15.47
1.326 18.06 15.47
1.327 18.04 15.47
1.328 18.04 15.47
1.328 18.03 15.47
1.328 18.03 15.47
1.329 18.02 15.47
1.33 18.01 15.47
1.331 17.99 15.47
1.332 17.98 15.47
1.332 17.97 15.47
1.333 17.96 15.47
1.333 17.96 15.47
1.334 17.95 15.47
1.334 17.94 15.47
1.334 17.94 15.47
1.336 17.93 15.47
1.337 17.91 15.47
1.337 17.91 15.47
1.338 17.9 15.47
1.339 17.89 15.47
1.339 17.88 15.47
1.34 17.88 15.47
1.34 17.87 15.47
1.341 17.86 15.47
1.342 17.85 15.47
1.343 17.84 15.47
1.345 17.83 15.47
1.345 17.81 15.47
1.346 17.8 15.47
1.347 17.79 15.47
1.347 17.79 15.47
1.348 17.78 15.47
1.349 17.77 15.47
1.35 17.75 15.47
1.351 17.74 15.47
1.351 17.73 15.47
1.352 17.72 15.47
1.352 17.71 15.47
1.353 17.7 15.47
1.354 17.69 15.47
1.355 17.68 15.47
1.356 17.67 15.47
1.357 17.65 15.47
1.358 17.63 15.47
1.36 17.62 15.47
1.361 17.6 15.47
1.362 17.59 15.47
1.363 17.57 15.47
1.364 17.56 15.47
1.365 17.55 15.47
1.366 17.53 15.47
1.367 17.53 15.47
1.367 17.51 15.47
1.367 17.5 15.47
1.368 17.5 15.47
1.369 17.49 15.47
1.369 17.48 15.47
1.37 17.47 15.47
1.371 17.47 15.47
1.371 17.46 15.47
1.372 17.45 15.47
1.373 17.44 15.47
1.373 17.43 15.47
1.373 17.43 15.47
1.373 17.42 15.47
1.373 17.42 15.47
1.374 17.42 15.47
1.374 17.42 15.47
1.374 17.42 15.47
1.374 17.42 15.47
1.375 17.41 15.47
1.375 17.41 15.47
1.376 17.4 15.47
1.376 17.4 15.47
1.378 17.38 15.47
1.379 17.37 15.47
1.38 17.36 15.47
1.381 17.34 15.47
1.382 17.33 15.47
1.383 17.31 15.47
1.384 17.3 15.47
1.385 17.29 15.47
1.385 17.29 15.47
1.386 17.28 15.47
1.387 17.26 15.47
1.387 17.25 15.47
1.388 17.25 15.47
1.389 17.23 15.47
1.39 17.22 15.47
1.39 17.21 15.47
1.391 17.2 15.47
1.391 17.2 15.47
1.392 17.19 15.47
1.393 17.18 15.47
1.393 17.18 15.47
1.394 17.17 15.47
1.394 17.16 15.47
1.394 17.16 15.47
1.395 17.15 15.47
1.395 17.15 15.47
1.396 17.14 15.47
1.396 17.13 15.47
1.397 17.12 15.47
1.398 17.12 15.47
1.398 17.11 15.47
1.399 17.1 15.47
1.4 17.08 15.47
1.4 17.08 15.47
1.401 17.07 15.47
1.401 17.07 15.47
1.402 17.06 15.47
1.402 17.04 15.47
1.403 17.04 15.47
1.404 17.03 15.47
1.404 17.02 15.47
1.405 17.01 15.47
1.406 17 15.47
1.406 16.99 15.47
1.407 16.98 15.47
1.408 16.97 15.47
1.409 16.96 15.47
1.41 16.95 15.47
1.411 16.94 15.47
1.412 16.94 15.47
1.412 16.93 15.47
1.413 16.91 15.47
1.414 16.9 15.47
1.416 16.89 15.47
1.417 16.88 15.47
1.417 16.87 15.47
1.418 16.86 15.47
1.418 16.86 15.47
1.419 16.85 15.47
1.42 16.84 15.47
1.42 16.83 15.47
1.421 16.82 15.47
1.421 16.81 15.47
1.422 16.81 15.47
1.422 16.8 15.47
1.423 16.8 15.47
1.425 16.79 15.47
1.425 16.77 15.47
1.426 16.76 15.47
1.427 16.75 15.47
1.428 16.74 15.47
1.428 16.73 15.47
1.43 16.71 15.47
1.431 16.7 15.47
1.432 16.69 15.47
1.433 16.68 15.47
1.433 16.67 15.47
1.434 16.67 15.47
1.434 16.66 15.47
1.435 16.66 15.47
1.435 16.65 15.47
1.436 16.64 15.47
1.436 16.64 15.47
1.437 16.63 15.47
1.437 16.62 15.47
1.437 16.62 15.47
1.438 16.61 15.47
1.438 16.6 15.47
1.439 16.59 15.47
1.44 16.59 15.47
1.441 16.58 15.47
1.442 16.57 15.47
1.442 16.56 15.47
1.443 16.56 15.47
1.443 16.55 15.47
1.444 16.54 15.47
1.444 16.53 15.47
1.445 16.52 15.47
1.446 16.51 15.47
1.447 16.5 15.47
1.447 16.5 15.47
1.447 16.5 15.47
1.448 16.49 15.47
1.449 16.48 15.47
1.451 16.46 15.47
1.453 16.45 15.47
1.454 16.43 15.47
1.455 16.42 15.47
1.456 16.41 15.47
1.457 16.4 15.47
1.458 16.39 15.47
1.459 16.38 15.47
1.459 16.38 15.47
1.46 16.37 15.47
1.461 16.36 15.47
1.462 16.35 15.47
1.463 16.34 15.47
1.464 16.32 15.47
1.464 16.32 15.47
1.464 16.32 15.47
1.465 16.31 15.47
1.465 16.31 15.47
1.466 16.29 15.47
1.466 16.29 15.47
1.467 16.28 15.47
1.467 16.27 15.47
1.468 16.26 15.47
1.469 16.24 15.47
1.47 16.23 15.47
1.471 16.22 15.47
1.471 16.22 15.47
1.472 16.21 15.47
1.472 16.2 15.47
1.473 16.2 15.47
1.473 16.2 15.47
1.473 16.19 15.47
1.474 16.19 15.47
1.474 16.18 15.47
1.474 16.17 15.47
1.474 16.17 15.47
1.475 16.16 15.47
1.475 16.16 15.47
1.476 16.15 15.47
1.476 16.14 15.47
1.477 16.14 15.47
1.477 16.12 15.47
1.478 16.11 15.47
1.478 16.11 15.47
1.479 16.1 15.47
1.479 16.09 15.47
1.48 16.09 15.47
1.481 16.08 15.47
1.481 16.07 15.47
1.482 16.05 15.47
1.483 16.05 15.47
1.483 16.04 15.47
1.483 16.04 15.47
1.484 16.04 15.47
1.484 16.03 15.47
1.484 16.02 15.47
1.485 16 15.47
1.486 15.99 15.47
1.488 15.99 15.47
1.489 15.99 15.47
1.49 15.97 15.47
1.491 15.96 15.47
1.493 15.95 15.47
1.495 15.93 15.47
1.496 15.91 15.47
1.498 15.9 15.47
1.499 15.89 15.47
1.5 15.88 15.47
1.501 15.87 15.47
1.502 15.87 15.47
1.503 15.86 15.47
1.504 15.86 15.47
1.504 15.86 15.48
1.505 15.86 15.48
1.506 15.85 15.47
1.507 15.84 15.47
1.508 15.82 15.47
1.51 15.8 15.47
1.51 15.79 15.47
1.511 15.78 15.47
1.511 15.77 15.47
1.512 15.75 15.47
1.513 15.75 15.47
1.513 15.74 15.47
1.514 15.73 15.47
1.514 15.73 15.47
1.515 15.72 15.47
1.515 15.71 15.47
1.516 15.7 15.47
1.516 15.7 15.47
1.517 15.69 15.47
1.517 15.68 15.48
1.518 15.67 15.48
1.519 15.67 15.48
1.519 15.67 15.48
1.52 15.66 15.48
1.521 15.64 15.48
1.522 15.63 15.48
1.523 15.6 15.47
1.525 15.6 15.48
1.525 15.58 15.48
1.527 15.58 15.48
1.528 15.56 15.48
1.529 15.55 15.48
1.53 15.54 15.48
1.531 15.53 15.48
1.531 15.52 15.48
1.533 15.51 15.48
1.534 15.51 15.48
1.535 15.5 15.48
1.537 15.49 15.48
1.538 15.48 15.48
1.538 15.47 15.48
1.539 15.46 15.48
1.54 15.46 15.48
1.541 15.45 15.48
1.543 15.44 15.48
1.544 15.43 15.48
1.545 15.42 15.48
1.546 15.41 15.48
1.548 15.41 15.48
1.549 15.4 15.48
1.549 15.4 15.48
1.55 15.39 15.48
1.55 15.38 15.48
1.551 15.38 15.48
1.552 15.37 15.48
1.553 15.37 15.48
1.554 15.36 15.48
1.555 15.34 15.48
1.556 15.33 15.48
1.557 15.32 15.48
1.558 15.31 15.48
1.559 15.3 15.48
1.559 15.29 15.48
1.56 15.28 15.48
1.561 15.27 15.48
1.562 15.26 15.48
1.563 15.25 15.48
1.563 15.24 15.48
1.564 15.23 15.48
1.564 15.23 15.48
1.565 15.22 15.48
1.566 15.21 15.48
1.567 15.2 15.48
1.567 15.19 15.48
1.568 15.17 15.48
1.57 15.16 15.48
1.571 15.15 15.48
1.572 15.13 15.48
1.574 15.12 15.48
1.575 15.11 15.48
1.577 15.1 15.48
1.579 15.08 15.48
1.58 15.07 15.48
1.581 15.05 15.48
1.582 15.04 15.48
1.583 15.04 15.48
1.584 15.03 15.48
1.585 15.02 15.48
1.586 15.02 15.48
1.587 15 15.48
1.588 15.01 15.48
1.589 14.99 15.48
1.59 14.99 15.48
1.591 14.98 15.48
1.592 14.96 15.48
1.593 14.95 15.48
1.594 14.95 15.48
1.595 14.95 15.48
1.595 14.95 15.48
1.596 14.94 15.48
1.597 14.93 15.48
1.598 14.91 15.48
1.599 14.91 15.48
1.6 14.9 15.48
1.601 14.89 15.48
1.602 14.87 15.48
1.604 14.86 15.48
1.605 14.85 15.48
1.606 14.84 15.48
1.608 14.82 15.48
1.609 14.81 15.48
1.61 14.8 15.48
1.611 14.79 15.48
1.612 14.78 15.48
1.613 14.76 15.48
1.614 14.76 15.48
1.615 14.76 15.48
1.616 14.75 15.48
1.617 14.73 15.48
1.618 14.71 15.48
1.619 14.71 15.48
1.62 14.69 15.48
1.621 14.67 15.48
1.622 14.66 15.48
1.623 14.66 15.48
1.625 14.65 15.48
1.626 14.63 15.48
1.628 14.62 15.48
1.629 14.6 15.48
1.63 14.6 15.48
1.631 14.59 15.48
1.631 14.59 15.48
1.632 14.58 15.48
1.634 14.57 15.48
1.636 14.55 15.48
1.637 14.54 15.48
1.639 14.53 15.48
1.64 14.51 15.48
1.642 14.5 15.48
1.643 14.49 15.48
1.644 14.48 15.48
1.646 14.47 15.48
1.647 14.45 15.48
1.648 14.44 15.48
1.65 14.43 15.48
1.651 14.42 15.48
1.652 14.4 15.48
1.652 14.4 15.48
1.653 14.39 15.48
1.654 14.38 15.48
1.655 14.37 15.48
1.656 14.35 15.48
1.658 14.34 15.48
1.659 14.34 15.48
1.66 14.33 15.48
1.662 14.31 15.48
1.663 14.3 15.48
1.665 14.29 15.48
1.666 14.27 15.48
1.668 14.26 15.48
1.668 14.25 15.48
1.668 14.25 15.48
1.669 14.24 15.48
1.669 14.24 15.48
1.671 14.22 15.48
1.672 14.21 15.48
1.673 14.19 15.48
1.674 14.18 15.48
1.675 14.18 15.48
1.677 14.16 15.48
1.679 14.15 15.48
1.681 14.13 15.48
1.682 14.13 15.48
1.683 14.11 15.48
1.684 14.1 15.48
1.685 14.1 15.48
1.686 14.09 15.48
1.687 14.08 15.48
1.689 14.07 15.48
1.69 14.05 15.48
1.692 14.05 15.48
1.693 14.04 15.48
1.694 14.03 15.48
1.695 14.01 15.48
1.697 14 15.48
1.698 13.99 15.48
1.699 13.99 15.48
1.7 13.98 15.48
1.701 13.97 15.48
1.702 13.96 15.48
1.703 13.95 15.48
1.704 13.95 15.48
1.704 13.94 15.48
1.706 13.93 15.48
1.707 13.92 15.48
1.708 13.91 15.48
1.709 13.9 15.48
1.711 13.89 15.48
1.712 13.88 15.48
1.714 13.87 15.48
1.715 13.85 15.48
1.716 13.84 15.48
1.717 13.84 15.48
1.718 13.83 15.48
1.719 13.82 15.48
1.719 13.81 15.48
1.72 13.8 15.48
1.722 13.79 15.48
1.722 13.78 15.48
1.723 13.77 15.48
1.724 13.76 15.48
1.725 13.74 15.48
1.727 13.74 15.48
1.729 13.72 15.48
1.73 13.7 15.48
1.73 13.69 15.48
1.73 13.69 15.48
1.73 13.7 15.48
1.73 13.69 15.48
1.73 13.69 15.48
1.73 13.69 15.48
1.729 13.69 15.48
1.73 13.68 15.48
1.73 13.69 15.48
1.731 13.68 15.48
1.736 13.65 15.48
1.74 13.62 15.48
1.745 13.6 15.48
1.748 13.58 15.48
1.751 13.56 15.48
1.752 13.53 15.48
1.754 13.53 15.48
1.756 13.52 15.48
1.757 13.5 15.48
1.759 13.5 15.48
1.76 13.48 15.48
1.762 13.47 15.48
1.762 13.47 15.48
1.763 13.46 15.48
1.765 13.44 15.48
1.766 13.43 15.48
1.768 13.42 15.48
1.77 13.41 15.48
1.771 13.4 15.48
1.772 13.38 15.48
1.773 13.37 15.48
1.774 13.36 15.48
1.776 13.35 15.48
1.777 13.34 15.48
1.779 13.32 15.48
1.781 13.31 15.48
1.783 13.31 15.48
1.785 13.28 15.48
1.785 13.27 15.48
1.786 13.26 15.48
1.788 13.25 15.48
1.789 13.24 15.48
1.79 13.23 15.48
1.791 13.22 15.48
1.792 13.21 15.48
1.793 13.2 15.48
1.794 13.18 15.48
1.796 13.18 15.48
1.797 13.17 15.48
1.798 13.16 15.48
1.798 13.16 15.48
1.798 13.16 15.48
1.799 13.15 15.48
1.799 13.15 15.48
1.8 13.15 15.48
1.801 13.13 15.48
1.802 13.13 15.48
1.803 13.12 15.48
1.804 13.12 15.48
1.805 13.11 15.48
1.807 13.1 15.48
1.809 13.09 15.48
1.81 13.08 15.48
1.812 13.07 15.48
1.814 13.06 15.48
1.815 13.05 15.48
1.816 13.03 15.48
1.817 13.03 15.48
1.818 13.01 15.48
1.819 13.01 15.48
1.821 13.01 15.48
1.823 12.99 15.48
1.824 12.98 15.48
1.825 12.98 15.48
1.826 12.97 15.48
1.828 12.95 15.48
1.829 12.94 15.48
1.83 12.93 15.48
1.831 12.92 15.48
1.833 12.91 15.48
1.834 12.9 15.48
1.835 12.89 15.48
1.837 12.88 15.48
1.839 12.87 15.48
1.84 12.86 15.48
1.842 12.85 15.48
1.844 12.84 15.48
1.845 12.84 15.48
1.846 12.81 15.48
1.847 12.81 15.48
1.848 12.8 15.48
1.849 12.79 15.48
1.85 12.78 15.48
1.851 12.77 15.48
1.852 12.75 15.48
1.853 12.75 15.48
1.854 12.74 15.48
1.855 12.73 15.48
1.855 12.72 15.48
1.856 12.72 15.48
1.857 12.7 15.48
1.858 12.7 15.48
1.859 12.7 15.48
1.859 12.7 15.48
1.86 12.69 15.48
1.861 12.69 15.48
1.862 12.68 15.48
1.863 12.68 15.48
1.864 12.66 15.48
1.866 12.66 15.48
1.867 12.66 15.48
1.868 12.65 15.48
1.869 12.65 15.48
1.87 12.64 15.48
1.872 12.63 15.48
1.874 12.62 15.48
1.876 12.6 15.48
1.878 12.59 15.48
1.879 12.59 15.48
1.881 12.57 15.48
1.882 12.55 15.48
1.883 12.55 15.48
1.885 12.54 15.48
1.886 12.53 15.48
1.886 12.52 15.48
1.887 12.52 15.48
1.888 12.5 15.48
1.889 12.51 15.48
1.889 12.5 15.48
1.89 12.49 15.48
1.89 12.49 15.48
1.89 12.49 15.48
1.891 12.49 15.48
1.892 12.49 15.48
1.895 12.47 15.48
1.897 12.44 15.48
1.9 12.43 15.48
1.901 12.42 15.48
1.902 12.41 15.48
1.904 12.4 15.48
1.905 12.39 15.48
1.906 12.38 15.48
1.907 12.38 15.48
1.908 12.36 15.48
1.91 12.35 15.48
1.911 12.34 15.48
1.912 12.33 15.48
1.913 12.33 15.48
1.915 12.32 15.48
1.916 12.3 15.48
1.918 12.29 15.48
1.92 12.27 15.48
1.922 12.27 15.48
1.923 12.26 15.48
1.924 12.24 15.48
1.925 12.23 15.48
1.926 12.23 15.48
1.926 12.22 15.48
1.928 12.22 15.48
1.93 12.2 15.48
1.932 12.2 15.48
1.934 12.18 15.48
1.936 12.17 15.48
1.939 12.16 15.48
1.942 12.14 15.48
1.945 12.12 15.48
1.947 12.11 15.48
1.949 12.1 15.48
1.951 12.09 15.48
1.952 12.07 15.48
1.953 12.07 15.48
1.955 12.06 15.48
1.956 12.05 15.48
1.957 12.04 15.48
1.958 12.04 15.48
1.959 12.04 15.48
1.96 12.02 15.48
1.962 12.01 15.48
1.964 12.01 15.48
1.966 12 15.48
1.967 11.98 15.48
1.968 11.97 15.48
1.971 11.96 15.48
1.973 11.95 15.48
1.975 11.94 15.48
1.976 11.92 15.48
1.977 11.91 15.48
1.979 11.91 15.48
1.981 11.9 15.48
1.983 11.89 15.48
1.984 11.87 15.48
1.984 11.87 15.48
1.986 11.86 15.48
1.988 11.85 15.48
1.99 11.84 15.48
1.991 11.83 15.48
1.991 11.82 15.48
1.992 11.81 15.48
1.993 11.81 15.48
1.994 11.8 15.48
1.995 11.79 15.48
1.997 11.78 15.48
1.998 11.76 15.48
2 11.76 15.48
2.002 11.75 15.48
2.003 11.74 15.48
2.005 11.73 15.48
2.007 11.72 15.48
2.008 11.71 15.48
2.01 11.71 15.48
2.011 11.71 15.48
2.013 11.7 15.48
2.015 11.68 15.48
2.018 11.66 15.48
2.021 11.65 15.48
2.024 11.63 15.48
2.027 11.61 15.48
2.029 11.61 15.48
2.031 11.6 15.48
2.032 11.59 15.48
2.034 11.58 15.48
2.035 11.57 15.48
2.037 11.56 15.48
2.037 11.56 15.48
2.038 11.55 15.48
2.04 11.54 15.48
2.041 11.53 15.48
2.043 11.53 15.48
2.045 11.52 15.48
2.047 11.5 15.48
2.049 11.49 15.48
2.052 11.48 15.48
2.054 11.47 15.48
2.056 11.45 15.48
2.058 11.45 15.48
2.059 11.44 15.48
2.06 11.43 15.48
2.062 11.41 15.48
2.064 11.4 15.48
2.065 11.39 15.48
2.067 11.39 15.48
2.069 11.37 15.48
2.07 11.36 15.48
2.071 11.35 15.48
2.073 11.35 15.48
2.076 11.32 15.48
2.078 11.31 15.48
2.078 11.3 15.48
2.08 11.29 15.48
2.082 11.28 15.48
2.084 11.27 15.48
2.086 11.26 15.48
2.087 11.26 15.48
2.089 11.25 15.48
2.091 11.25 15.48
2.093 11.24 15.48
2.095 11.22 15.48
2.098 11.21 15.48
2.1 11.2 15.48
2.102 11.19 15.48
2.105 11.18 15.48
2.107 11.16 15.48
2.109 11.16 15.48
2.112 11.15 15.48
2.114 11.13 15.48
2.116 11.13 15.48
2.117 11.12 15.48
2.118 11.11 15.48
2.119 11.11 15.48
2.119 11.11 15.48
2.119 11.1 15.48
2.121 11.08 15.48
2.123 11.07 15.48
2.125 11.05 15.48
2.127 11.05 15.48
2.129 11.05 15.48
2.132 11.03 15.48
2.135 11.01 15.48
2.137 11 15.48
2.139 10.99 15.48
2.141 10.97 15.48
2.144 10.96 15.48
2.145 10.95 15.48
2.148 10.94 15.48
2.149 10.93 15.48
2.152 10.92 15.48
2.154 10.9 15.48
2.157 10.88 15.48
2.159 10.86 15.48
2.161 10.86 15.48
2.162 10.85 15.48
2.164 10.84 15.48
2.166 10.82 15.48
2.168 10.81 15.48
2.169 10.81 15.48
2.169 10.8 15.48
2.169 10.8 15.48
2.17 10.79 15.48
2.172 10.79 15.48
2.173 10.79 15.48
2.174 10.79 15.48
2.175 10.78 15.48
2.176 10.76 15.48
2.177 10.75 15.48
2.178 10.75 15.48
2.18 10.75 15.48
2.182 10.75 15.48
2.185 10.73 15.48
2.187 10.72 15.48
2.188 10.72 15.48
2.188 10.71 15.48
2.189 10.71 15.48
2.19 10.7 15.48
2.194 10.69 15.48
2.198 10.66 15.48
2.203 10.65 15.48
2.207 10.63 15.48
2.21 10.62 15.48
2.212 10.6 15.48
2.213 10.59 15.48
2.215 10.59 15.48
2.217 10.58 15.48
2.22 10.56 15.48
2.222 10.55 15.48
2.225 10.54 15.48
2.227 10.53 15.48
2.228 10.53 15.48
2.23 10.52 15.48
2.232 10.5 15.48
2.235 10.5 15.48
2.238 10.48 15.48
2.241 10.46 15.48
2.244 10.44 15.48
2.246 10.44 15.48
2.248 10.42 15.48
2.25 10.41 15.48
2.252 10.39 15.48
2.254 10.39 15.48
2.256 10.38 15.48
2.257 10.38 15.48
2.258 10.36 15.48
2.259 10.35 15.48
2.259 10.35 15.48
2.261 10.35 15.48
2.262 10.34 15.48
2.264 10.33 15.48
2.264 10.33 15.48
2.265 10.33 15.48
2.267 10.31 15.48
2.268 10.31 15.48
2.268 10.3 15.48
2.269 10.3 15.48
2.27 10.3 15.48
2.271 10.3 15.48
2.272 10.3 15.48
2.272 10.29 15.48
2.273 10.29 15.48
2.275 10.27 15.48
2.277 10.27 15.48
2.279 10.26 15.48
2.281 10.25 15.48
2.283 10.25 15.48
2.285 10.24 15.48
2.287 10.23 15.48
2.291 10.21 15.48
2.293 10.21 15.48
2.294 10.2 15.48
2.295 10.2 15.48
2.297 10.19 15.48
2.3 10.18 15.48
2.303 10.16 15.48
2.306 10.15 15.48
2.307 10.15 15.48
2.308 10.15 15.48
2.308 10.15 15.48
2.309 10.14 15.48
2.311 10.13 15.48
2.314 10.12 15.48
2.319 10.09 15.48
2.324 10.07 15.48
2.329 10.06 15.48
2.332 10.04 15.48
2.334 10.03 15.48
2.336 10.03 15.48
2.338 10.01 15.48
2.339 10 15.48
2.341 10 15.48
2.343 9.99 15.48
2.344 9.98 15.48
2.346 9.98 15.48
2.347 9.96 15.48
2.35 9.94 15.48
2.352 9.94 15.48
2.353 9.94 15.48
2.355 9.92 15.48
2.357 9.9 15.48
2.359 9.89 15.48
2.36 9.9 15.48
2.36 9.89 15.48
2.363 9.88 15.48
2.365 9.86 15.48
2.367 9.85 15.48
2.368 9.85 15.48
2.369 9.85 15.48
2.37 9.84 15.48
2.371 9.84 15.48
2.373 9.83 15.48
2.374 9.83 15.48
2.376 9.83 15.48
2.377 9.82 15.48
2.379 9.81 15.48
2.381 9.81 15.48
2.383 9.8 15.48
2.386 9.79 15.48
2.389 9.78 15.48
2.391 9.77 15.48
2.393 9.76 15.48
2.396 9.75 15.48
2.399 9.74 15.48
2.401 9.74 15.48
2.403 9.73 15.48
2.406 9.71 15.48
2.407 9.7 15.48
2.41 9.69 15.48
2.412 9.69 15.48
2.413 9.69 15.48
2.413 9.68 15.48
2.415 9.68 15.48
2.417 9.67 15.48
2.421 9.65 15.48
2.426 9.64 15.48
2.429 9.62 15.48
2.432 9.6 15.48
2.435 9.59 15.48
2.438 9.58 15.48
2.441 9.57 15.48
2.443 9.55 15.48
2.445 9.54 15.48
2.446 9.53 15.48
2.448 9.53 15.48
2.449 9.52 15.48
2.45 9.52 15.48
2.451 9.51 15.48
2.454 9.49 15.48
2.456 9.48 15.48
2.459 9.48 15.48
2.461 9.45 15.48
2.463 9.44 15.48
2.466 9.43 15.48
2.467 9.42 15.48
2.468 9.42 15.48
2.468 9.42 15.48
2.469 9.42 15.48
2.47 9.42 15.48
2.473 9.41 15.48
2.475 9.4 15.48
2.476 9.38 15.48
2.478 9.38 15.48
2.48 9.38 15.48
2.482 9.37 15.48
2.484 9.37 15.48
2.486 9.37 15.48
2.488 9.35 15.48
2.491 9.33 15.48
2.493 9.32 15.48
2.495 9.32 15.48
2.496 9.33 15.48
2.497 9.32 15.48
2.5 9.32 15.48
2.503 9.3 15.48
2.507 9.29 15.48
2.509 9.27 15.48
2.512 9.27 15.48
2.515 9.26 15.48
2.517 9.25 15.48
2.521 9.24 15.48
2.523 9.23 15.48
2.526 9.21 15.48
2.528 9.21 15.48
2.53 9.21 15.48
2.532 9.2 15.48
2.534 9.19 15.48
2.538 9.17 15.48
2.542 9.16 15.48
2.545 9.15 15.48
2.549 9.14 15.48
2.554 9.12 15.48
2.558 9.11 15.48
2.56 9.09 15.48
2.563 9.07 15.48
2.566 9.07 15.48
2.57 9.06 15.48
2.572 9.05 15.48
2.575 9.04 15.48
2.578 9.02 15.48
2.581 9 15.48
2.585 8.98 15.48
2.588 8.96 15.48
2.59 8.95 15.48
2.592 8.94 15.48
2.594 8.93 15.48
2.595 8.94 15.48
2.597 8.92 15.48
2.598 8.92 15.48
2.599 8.92 15.48
2.602 8.91 15.48
2.605 8.9 15.48
2.607 8.89 15.48
2.608 8.88 15.48
2.608 8.88 15.48
2.609 8.87 15.48
2.611 8.87 15.48
2.615 8.86 15.48
2.618 8.86 15.48
2.619 8.86 15.48
2.622 8.84 15.48
2.625 8.82 15.48
2.629 8.82 15.48
2.633 8.81 15.48
2.636 8.8 15.48
2.639 8.79 15.48
2.642 8.77 15.48
2.648 8.76 15.48
2.653 8.75 15.48
2.657 8.74 15.48
2.659 8.73 15.48
2.661 8.72 15.48
2.662 8.72 15.48
2.663 8.72 15.48
2.666 8.71 15.48
2.67 8.69 15.48
2.677 8.67 15.48
2.683 8.65 15.48
2.687 8.64 15.48
2.691 8.62 15.48
2.694 8.61 15.48
2.696 8.61 15.48
2.697 8.59 15.48
2.699 8.59 15.48
2.701 8.58 15.48
2.703 8.57 15.48
2.705 8.56 15.48
2.706 8.57 15.48
2.708 8.56 15.48
2.709 8.55 15.48
2.712 8.54 15.48
2.716 8.52 15.48
2.718 8.51 15.48
2.72 8.51 15.48
2.723 8.5 15.48
2.725 8.48 15.48
2.727 8.47 15.48
2.731 8.46 15.48
2.734 8.45 15.48
2.738 8.43 15.48
2.743 8.42 15.48
2.746 8.42 15.48
2.747 8.41 15.48
2.75 8.4 15.48
2.753 8.41 15.48
2.757 8.39 15.48
2.761 8.38 15.48
2.765 8.36 15.48
2.77 8.35 15.48
2.775 8.34 15.48
2.779 8.34 15.48
2.782 8.31 15.48
2.785 8.31 15.48
2.789 8.3 15.48
2.791 8.29 15.48
2.793 8.28 15.48
2.795 8.28 15.48
2.797 8.26 15.48
2.8 8.26 15.48
2.802 8.25 15.48
2.806 8.24 15.48
2.808 8.24 15.48
2.81 8.23 15.48
2.813 8.21 15.48
2.816 8.2 15.48
2.821 8.2 15.48
2.825 8.18 15.48
2.828 8.17 15.48
2.831 8.16 15.48
2.834 8.15 15.48
2.836 8.15 15.48
2.839 8.14 15.48
2.841 8.12 15.48
2.843 8.12 15.48
2.845 8.12 15.48
2.847 8.11 15.48
2.85 8.09 15.48
2.853 8.08 15.48
2.855 8.08 15.48
2.856 8.08 15.48
2.858 8.07 15.48
2.861 8.06 15.48
2.863 8.05 15.48
2.866 8.05 15.48
2.867 8.04 15.48
2.871 8.02 15.48
2.874 8.01 15.48
2.878 7.99 15.48
2.88 7.99 15.48
2.883 7.99 15.48
2.884 7.99 15.48
2.884 7.98 15.48
2.886 7.97 15.48
2.891 7.96 15.48
2.895 7.96 15.48
2.898 7.95 15.48
2.9 7.95 15.48
2.902 7.95 15.48
2.905 7.94 15.48
2.91 7.93 15.48
2.916 7.91 15.48
2.92 7.9 15.48
2.925 7.89 15.48
2.93 7.88 15.48
2.935 7.86 15.48
2.938 7.85 15.48
2.942 7.85 15.48
2.945 7.84 15.48
2.947 7.83 15.48
2.952 7.81 15.48
2.958 7.8 15.48
2.962 7.79 15.48
2.964 7.78 15.48
2.965 7.78 15.48
2.968 7.76 15.48
2.972 7.75 15.48
2.976 7.75 15.48
2.979 7.74 15.48
2.983 7.73 15.48
2.988 7.71 15.48
2.993 7.7 15.48
2.997 7.69 15.48
3.002 7.67 15.48
3.006 7.66 15.48
3.011 7.65 15.48
3.014 7.64 15.48
3.016 7.64 15.48
3.019 7.62 15.48
3.022 7.61 15.48
3.025 7.6 15.48
3.029 7.59 15.48
3.034 7.58 15.48
3.036 7.56 15.48
3.038 7.56 15.48
3.042 7.55 15.48
3.046 7.54 15.48
3.049 7.53 15.48
3.052 7.5 15.48
3.057 7.5 15.48
3.06 7.5 15.48
3.064 7.49 15.48
3.068 7.48 15.48
3.07 7.47 15.48
3.071 7.46 15.48
3.073 7.47 15.48
3.075 7.46 15.48
3.078 7.45 15.48
3.084 7.44 15.48
3.09 7.43 15.48
3.095 7.43 15.48
3.099 7.42 15.48
3.103 7.4 15.48
3.108 7.39 15.48
3.112 7.39 15.48
3.116 7.38 15.48
3.12 7.37 15.48
3.125 7.35 15.48
3.131 7.34 15.48
3.134 7.33 15.48
3.136 7.32 15.48
3.14 7.31 15.48
3.141 7.3 15.48
3.143 7.29 15.48
3.147 7.29 15.48
3.156 7.27 15.48
3.162 7.26 15.48
3.164 7.25 15.48
3.165 7.25 15.48
3.165 7.24 15.48
3.166 7.24 15.48
3.166 7.24 15.48
3.169 7.23 15.48
3.174 7.22 15.48
3.179 7.21 15.48
3.184 7.19 15.48
3.188 7.18 15.48
3.194 7.17 15.48
3.196 7.16 15.48
3.199 7.16 15.48
3.202 7.15 15.48
3.205 7.14 15.48
3.207 7.13 15.48
3.21 7.12 15.48
3.212 7.12 15.48
3.217 7.1 15.48
3.224 7.08 15.48
3.228 7.08 15.48
3.232 7.06 15.48
3.237 7.04 15.48
3.241 7.03 15.48
3.247 7.03 15.48
3.252 7 15.48
3.255 7 15.48
3.259 7 15.48
3.267 6.98 15.48
3.277 6.98 15.48
3.286 6.95 15.48
3.293 6.94 15.48
3.298 6.93 15.48
3.304 6.91 15.48
3.31 6.89 15.48
3.315 6.89 15.48
3.321 6.88 15.48
3.326 6.87 15.48
3.332 6.85 15.48
3.337 6.84 15.48
3.341 6.84 15.48
3.344 6.82 15.48
3.346 6.83 15.48
3.348 6.82 15.48
3.353 6.8 15.48
3.36 6.79 15.48
3.369 6.77 15.48
3.376 6.75 15.48
3.38 6.75 15.48
3.384 6.74 15.48
3.389 6.72 15.48
3.397 6.71 15.48
3.405 6.69 15.48
3.414 6.67 15.48
3.423 6.63 15.48
3.431 6.62 15.48
3.437 6.6 15.48
3.441 6.58 15.48
3.449 6.57 15.48
3.459 6.56 15.48
3.466 6.54 15.48
3.467 6.54 15.48
3.467 6.54 15.48
3.471 6.53 15.48
3.475 6.53 15.48
3.48 6.52 15.48
3.487 6.5 15.48
3.494 6.5 15.48
3.497 6.48 15.48
3.498 6.48 15.48
3.498 6.48 15.48
3.498 6.47 15.48
3.499 6.47 15.48
3.5 6.47 15.48
3.502 6.47 15.48
3.505 6.46 15.48
3.508 6.46 15.48
3.511 6.46 15.48
3.514 6.46 15.48
3.518 6.44 15.48
3.525 6.43 15.48
3.533 6.42 15.48
3.54 6.41 15.48
3.547 6.4 15.48
3.554 6.39 15.48
3.56 6.38 15.48
3.562 6.37 15.48
3.563 6.37 15.48
3.564 6.37 15.48
3.567 6.35 15.48
3.573 6.34 15.48
3.583 6.32 15.48
3.592 6.31 15.48
