3.54 6.31 15.49
3.539 6.31 15.49
3.537 6.31 15.49
3.53 6.32 15.49
3.526 6.33 15.49
3.52 6.34 15.49
3.514 6.35 15.49
3.509 6.36 15.49
3.503 6.37 15.49
3.496 6.38 15.49
3.49 6.4 15.49
3.486 6.41 15.49
3.483 6.41 15.49
3.481 6.42 15.49
3.477 6.42 15.49
3.471 6.43 15.49
3.465 6.45 15.49
3.46 6.46 15.49
3.457 6.47 15.49
3.456 6.47 15.49
3.453 6.48 15.49
3.448 6.48 15.49
3.443 6.49 15.49
3.442 6.49 15.49
3.44 6.51 15.49
3.434 6.52 15.49
3.431 6.53 15.49
3.431 6.52 15.49
3.43 6.53 15.49
3.426 6.53 15.49
3.423 6.55 15.49
3.422 6.55 15.49
3.422 6.55 15.49
3.419 6.56 15.49
3.416 6.56 15.49
3.413 6.57 15.49
3.41 6.57 15.49
3.406 6.58 15.49
3.403 6.59 15.49
3.4 6.59 15.49
3.395 6.6 15.49
3.391 6.61 15.49
3.388 6.62 15.49
3.385 6.62 15.49
3.382 6.63 15.49
3.378 6.63 15.49
3.376 6.64 15.49
3.374 6.64 15.49
3.371 6.65 15.49
3.367 6.67 15.49
3.363 6.67 15.49
3.361 6.68 15.49
3.359 6.68 15.49
3.357 6.68 15.49
3.354 6.68 15.49
3.35 6.7 15.49
3.346 6.71 15.49
3.343 6.72 15.49
3.335 6.73 15.49
3.325 6.75 15.49
3.32 6.76 15.49
3.32 6.76 15.49
3.32 6.76 15.49
3.31 6.78 15.49
3.3 6.8 15.49
3.292 6.82 15.49
3.286 6.83 15.49
3.279 6.84 15.49
3.274 6.85 15.49
3.269 6.86 15.49
3.265 6.88 15.49
3.26 6.88 15.49
3.254 6.9 15.49
3.248 6.92 15.49
3.244 6.92 15.49
3.241 6.93 15.49
3.238 6.93 15.49
3.235 6.94 15.49
3.233 6.95 15.49
3.23 6.96 15.49
3.224 6.98 15.49
3.218 6.99 15.49
3.212 7 15.49
3.206 7.02 15.49
3.202 7.02 15.49
3.197 7.04 15.49
3.191 7.06 15.49
3.185 7.08 15.49
3.18 7.08 15.49
3.176 7.09 15.49
3.172 7.1 15.49
3.168 7.1 15.49
3.164 7.13 15.49
3.16 7.13 15.49
3.156 7.13 15.49
3.151 7.15 15.49
3.146 7.15 15.49
3.142 7.17 15.49
3.137 7.18 15.49
3.131 7.19 15.49
3.125 7.2 15.49
3.12 7.21 15.49
3.116 7.23 15.49
3.111 7.23 15.49
3.103 7.25 15.49
3.094 7.27 15.49
3.087 7.29 15.49
3.081 7.3 15.49
3.076 7.3 15.49
3.07 7.33 15.49
3.064 7.34 15.49
3.06 7.36 15.49
3.057 7.36 15.49
3.054 7.37 15.49
3.051 7.39 15.49
3.047 7.39 15.49
3.042 7.41 15.49
3.038 7.42 15.49
3.036 7.43 15.49
3.034 7.43 15.49
3.029 7.45 15.49
3.024 7.46 15.49
3.02 7.47 15.49
3.015 7.5 15.49
3.007 7.51 15.49
3 7.54 15.49
2.995 7.54 15.49
2.991 7.56 15.49
2.985 7.57 15.49
2.98 7.59 15.49
2.976 7.6 15.49
2.972 7.6 15.49
2.968 7.61 15.49
2.964 7.62 15.49
2.96 7.64 15.49
2.956 7.65 15.49
2.952 7.65 15.49
2.949 7.66 15.49
2.946 7.68 15.49
2.942 7.68 15.49
2.938 7.69 15.49
2.933 7.7 15.49
2.929 7.71 15.49
2.925 7.73 15.49
2.92 7.74 15.49
2.916 7.74 15.49
2.913 7.75 15.49
2.91 7.77 15.49
2.908 7.76 15.49
2.906 7.78 15.49
2.903 7.78 15.49
2.901 7.79 15.49
2.899 7.79 15.49
2.898 7.8 15.49
2.896 7.81 15.49
2.894 7.82 15.49
2.891 7.82 15.49
2.889 7.83 15.49
2.887 7.84 15.49
2.884 7.84 15.49
2.882 7.85 15.49
2.879 7.86 15.49
2.876 7.87 15.49
2.873 7.88 15.49
2.869 7.89 15.49
2.863 7.91 15.49
2.856 7.93 15.49
2.85 7.95 15.49
2.844 7.97 15.49
2.838 7.98 15.49
2.831 7.99 15.49
2.827 8 15.49
2.823 8.02 15.49
2.819 8.02 15.49
2.816 8.04 15.49
2.812 8.05 15.49
2.809 8.05 15.49
2.805 8.07 15.49
2.8 8.09 15.49
2.794 8.09 15.49
2.788 8.12 15.49
2.782 8.13 15.49
2.779 8.15 15.49
2.778 8.15 15.49
2.776 8.15 15.49
2.773 8.16 15.49
2.77 8.17 15.49
2.768 8.17 15.49
2.765 8.19 15.49
2.762 8.2 15.49
2.759 8.2 15.49
2.756 8.21 15.49
2.755 8.22 15.49
2.753 8.23 15.49
2.751 8.24 15.49
2.748 8.24 15.49
2.747 8.25 15.49
2.746 8.25 15.49
2.745 8.25 15.49
2.743 8.25 15.49
2.741 8.26 15.49
2.74 8.27 15.49
2.738 8.28 15.49
2.735 8.29 15.49
2.733 8.3 15.49
2.731 8.3 15.49
2.729 8.31 15.49
2.728 8.31 15.49
2.727 8.32 15.49
2.726 8.32 15.49
2.724 8.33 15.49
2.722 8.34 15.49
2.721 8.34 15.49
2.72 8.35 15.49
2.717 8.36 15.49
2.715 8.36 15.49
2.712 8.37 15.49
2.709 8.39 15.49
2.707 8.4 15.49
2.705 8.4 15.49
2.703 8.41 15.49
2.701 8.41 15.49
2.699 8.42 15.49
2.698 8.42 15.49
2.696 8.43 15.49
2.695 8.43 15.49
2.693 8.44 15.49
2.691 8.45 15.49
2.689 8.46 15.49
2.686 8.46 15.49
2.683 8.46 15.49
2.68 8.48 15.49
2.678 8.49 15.49
2.675 8.5 15.49
2.672 8.51 15.49
2.669 8.52 15.49
2.666 8.52 15.49
2.663 8.54 15.49
2.661 8.54 15.49
2.658 8.55 15.49
2.655 8.56 15.49
2.652 8.57 15.49
2.648 8.58 15.49
2.645 8.59 15.49
2.641 8.6 15.49
2.639 8.61 15.49
2.638 8.61 15.49
2.637 8.61 15.49
2.636 8.61 15.49
2.632 8.63 15.49
2.628 8.65 15.49
2.627 8.65 15.49
2.625 8.65 15.49
2.621 8.66 15.49
2.618 8.68 15.49
2.614 8.69 15.49
2.612 8.7 15.49
2.61 8.71 15.49
2.608 8.71 15.49
2.606 8.72 15.49
2.603 8.73 15.49
2.6 8.74 15.49
2.596 8.75 15.49
2.593 8.76 15.49
2.59 8.77 15.49
2.586 8.79 15.49
2.583 8.8 15.49
2.579 8.81 15.49
2.577 8.82 15.49
2.574 8.83 15.49
2.571 8.85 15.49
2.567 8.86 15.49
2.564 8.87 15.49
2.561 8.87 15.49
2.559 8.9 15.49
2.555 8.91 15.49
2.552 8.91 15.49
2.549 8.93 15.49
2.545 8.94 15.49
2.542 8.95 15.49
2.541 8.96 15.49
2.539 8.96 15.49
2.536 8.97 15.49
2.533 8.99 15.49
2.529 9.01 15.49
2.526 9.02 15.49
2.524 9.03 15.49
2.522 9.03 15.49
2.52 9.05 15.49
2.518 9.06 15.49
2.516 9.06 15.49
2.513 9.07 15.49
2.51 9.08 15.49
2.507 9.08 15.49
2.504 9.09 15.49
2.503 9.11 15.49
2.501 9.11 15.49
2.498 9.12 15.49
2.495 9.12 15.49
2.493 9.14 15.49
2.492 9.14 15.49
2.49 9.16 15.49
2.488 9.16 15.49
2.486 9.16 15.49
2.485 9.16 15.49
2.484 9.17 15.49
2.482 9.18 15.49
2.481 9.19 15.49
2.48 9.2 15.49
2.479 9.21 15.49
2.478 9.21 15.49
2.476 9.21 15.49
2.474 9.22 15.49
2.471 9.23 15.49
2.467 9.24 15.49
2.463 9.26 15.49
2.459 9.27 15.49
2.456 9.28 15.49
2.454 9.3 15.49
2.453 9.31 15.49
2.452 9.31 15.49
2.45 9.32 15.49
2.446 9.32 15.49
2.443 9.35 15.49
2.441 9.36 15.49
2.438 9.37 15.49
2.436 9.37 15.49
2.434 9.38 15.49
2.432 9.39 15.49
2.43 9.41 15.49
2.428 9.42 15.49
2.426 9.42 15.49
2.424 9.42 15.49
2.422 9.43 15.49
2.419 9.43 15.49
2.417 9.45 15.49
2.416 9.45 15.49
2.415 9.46 15.49
2.414 9.47 15.49
2.413 9.48 15.49
2.411 9.48 15.49
2.409 9.48 15.49
2.406 9.49 15.49
2.405 9.5 15.49
2.403 9.52 15.49
2.403 9.52 15.49
2.402 9.52 15.49
2.401 9.53 15.49
2.399 9.53 15.49
2.396 9.54 15.49
2.394 9.55 15.49
2.392 9.56 15.49
2.391 9.56 15.49
2.39 9.56 15.49
2.388 9.57 15.49
2.386 9.58 15.49
2.383 9.58 15.49
2.381 9.59 15.49
2.38 9.6 15.49
2.377 9.61 15.49
2.372 9.64 15.49
2.369 9.64 15.49
2.366 9.65 15.49
2.364 9.67 15.49
2.362 9.68 15.49
2.359 9.69 15.49
2.357 9.7 15.49
2.354 9.71 15.49
2.35 9.73 15.49
2.346 9.74 15.49
2.343 9.75 15.49
2.34 9.77 15.49
2.338 9.78 15.49
2.336 9.79 15.49
2.334 9.8 15.49
2.332 9.82 15.49
2.33 9.84 15.49
2.326 9.84 15.49
2.322 9.85 15.49
2.32 9.86 15.49
2.318 9.87 15.49
2.314 9.89 15.49
2.311 9.91 15.49
2.308 9.93 15.49
2.305 9.94 15.49
2.303 9.94 15.49
2.301 9.95 15.49
2.3 9.96 15.49
2.298 9.96 15.49
2.297 9.97 15.49
2.296 9.98 15.49
2.295 9.99 15.49
2.294 9.99 15.49
2.292 10 15.49
2.29 10 15.49
2.29 10.01 15.49
2.289 10 15.49
2.288 10.01 15.49
2.286 10.02 15.49
2.285 10.02 15.49
2.283 10.03 15.49
2.283 10.04 15.49
2.282 10.04 15.49
2.28 10.05 15.49
2.279 10.05 15.49
2.277 10.06 15.49
2.275 10.06 15.49
2.273 10.07 15.49
2.27 10.07 15.49
2.268 10.09 15.49
2.267 10.1 15.49
2.265 10.1 15.49
2.263 10.13 15.49
2.26 10.14 15.49
2.258 10.14 15.49
2.255 10.15 15.49
2.252 10.16 15.49
2.25 10.18 15.49
2.248 10.19 15.49
2.245 10.2 15.49
2.241 10.22 15.49
2.238 10.23 15.49
2.235 10.25 15.49
2.231 10.27 15.49
2.227 10.29 15.49
2.223 10.3 15.49
2.221 10.33 15.49
2.22 10.34 15.49
2.219 10.34 15.49
2.216 10.34 15.49
2.213 10.36 15.49
2.211 10.37 15.49
2.209 10.38 15.49
2.207 10.39 15.49
2.205 10.4 15.49
2.203 10.4 15.49
2.201 10.41 15.49
2.199 10.43 15.49
2.197 10.44 15.49
2.196 10.44 15.49
2.195 10.44 15.49
2.194 10.45 15.49
2.193 10.46 15.49
2.192 10.47 15.49
2.189 10.48 15.49
2.187 10.49 15.49
2.185 10.49 15.49
2.183 10.5 15.49
2.181 10.51 15.49
2.177 10.52 15.49
2.174 10.54 15.49
2.173 10.54 15.49
2.172 10.55 15.49
2.17 10.55 15.49
2.166 10.57 15.49
2.163 10.59 15.49
2.162 10.59 15.49
2.161 10.6 15.49
2.159 10.61 15.49
2.158 10.63 15.49
2.156 10.63 15.49
2.154 10.64 15.49
2.151 10.65 15.49
2.149 10.66 15.49
2.146 10.68 15.49
2.144 10.7 15.49
2.143 10.7 15.49
2.141 10.71 15.49
2.14 10.72 15.49
2.139 10.73 15.49
2.137 10.74 15.49
2.136 10.75 15.49
2.134 10.75 15.49
2.131 10.78 15.49
2.129 10.79 15.49
2.127 10.79 15.49
2.125 10.8 15.49
2.122 10.83 15.49
2.12 10.84 15.49
2.118 10.85 15.49
2.115 10.86 15.49
2.113 10.87 15.49
2.111 10.88 15.49
2.109 10.89 15.49
2.107 10.9 15.49
2.105 10.91 15.49
2.104 10.92 15.49
2.103 10.93 15.49
2.102 10.93 15.49
2.1 10.94 15.49
2.099 10.94 15.49
2.098 10.95 15.49
2.097 10.95 15.49
2.095 10.95 15.49
2.093 10.97 15.49
2.09 10.99 15.49
2.087 11 15.49
2.085 11.02 15.49
2.084 11.03 15.49
2.084 11.04 15.49
2.081 11.05 15.49
2.078 11.06 15.49
2.075 11.08 15.49
2.073 11.09 15.49
2.071 11.1 15.49
2.07 11.11 15.49
2.068 11.11 15.49
2.066 11.14 15.49
2.064 11.15 15.49
2.062 11.16 15.49
2.061 11.17 15.49
2.059 11.17 15.49
2.057 11.19 15.49
2.054 11.21 15.49
2.051 11.21 15.49
2.049 11.24 15.49
2.046 11.25 15.49
2.043 11.26 15.49
2.041 11.27 15.49
2.038 11.29 15.49
2.037 11.3 15.49
2.036 11.3 15.49
2.035 11.31 15.49
2.032 11.32 15.49
2.03 11.35 15.49
2.028 11.35 15.49
2.026 11.36 15.49
2.025 11.37 15.49
2.023 11.37 15.49
2.021 11.39 15.49
2.019 11.4 15.49
2.018 11.4 15.49
2.016 11.42 15.49
2.015 11.42 15.49
2.014 11.43 15.49
2.013 11.44 15.49
2.012 11.44 15.49
2.01 11.45 15.49
2.009 11.45 15.49
2.007 11.47 15.49
2.007 11.47 15.49
2.006 11.48 15.49
2.005 11.48 15.49
2.004 11.49 15.49
2.003 11.49 15.49
2.002 11.5 15.49
2 11.51 15.49
1.999 11.51 15.49
1.999 11.52 15.49
1.998 11.52 15.49
1.997 11.53 15.49
1.996 11.54 15.49
1.995 11.54 15.49
1.994 11.55 15.49
1.993 11.56 15.49
1.992 11.57 15.49
1.99 11.57 15.49
1.989 11.58 15.49
1.988 11.59 15.49
1.986 11.6 15.49
1.984 11.61 15.49
1.983 11.62 15.49
1.981 11.63 15.49
1.98 11.64 15.49
1.978 11.65 15.49
1.975 11.66 15.49
1.974 11.67 15.49
1.972 11.69 15.49
1.969 11.71 15.49
1.965 11.72 15.49
1.963 11.74 15.49
1.961 11.75 15.49
1.959 11.77 15.49
1.957 11.77 15.49
1.956 11.78 15.49
1.954 11.8 15.49
1.952 11.82 15.49
1.95 11.83 15.49
1.947 11.84 15.49
1.945 11.85 15.49
1.942 11.86 15.49
1.94 11.88 15.49
1.937 11.89 15.49
1.935 11.91 15.49
1.932 11.92 15.49
1.931 11.94 15.49
1.93 11.94 15.49
1.93 11.95 15.49
1.929 11.95 15.49
1.928 11.96 15.49
1.927 11.96 15.49
1.926 11.97 15.49
1.926 11.97 15.49
1.925 11.97 15.49
1.923 11.99 15.49
1.921 12.01 15.49
1.92 12.01 15.49
1.918 12.01 15.49
1.916 12.03 15.49
1.915 12.04 15.49
1.914 12.04 15.49
1.914 12.05 15.49
1.913 12.06 15.5
1.911 12.06 15.49
1.911 12.06 15.49
1.911 12.06 15.49
1.91 12.07 15.49
1.91 12.08 15.49
1.909 12.08 15.49
1.908 12.08 15.5
1.907 12.1 15.49
1.905 12.11 15.5
1.904 12.12 15.49
1.902 12.13 15.49
1.9 12.15 15.49
1.898 12.17 15.49
1.896 12.17 15.5
1.895 12.18 15.49
1.894 12.19 15.49
1.892 12.19 15.5
1.891 12.21 15.5
1.888 12.22 15.5
1.887 12.24 15.5
1.885 12.25 15.49
1.883 12.27 15.49
1.88 12.28 15.5
1.878 12.29 15.5
1.876 12.31 15.5
1.874 12.32 15.49
1.873 12.32 15.5
1.871 12.34 15.5
1.869 12.36 15.5
1.867 12.37 15.5
1.866 12.38 15.5
1.865 12.39 15.5
1.864 12.39 15.5
1.864 12.39 15.5
1.863 12.4 15.5
1.863 12.39 15.5
1.86 12.41 15.5
1.855 12.45 15.5
1.849 12.49 15.5
1.844 12.52 15.5
1.842 12.54 15.5
1.84 12.55 15.5
1.837 12.57 15.5
1.834 12.59 15.5
1.832 12.6 15.5
1.831 12.62 15.5
1.83 12.63 15.5
1.83 12.64 15.5
1.83 12.64 15.5
1.83 12.64 15.5
1.83 12.64 15.5
1.829 12.65 15.5
1.828 12.66 15.5
1.827 12.67 15.5
1.826 12.68 15.5
1.825 12.69 15.5
1.825 12.69 15.5
1.824 12.69 15.5
1.823 12.7 15.5
1.822 12.7 15.5
1.82 12.7 15.5
1.819 12.72 15.5
1.817 12.74 15.5
1.814 12.75 15.5
1.812 12.77 15.5
1.81 12.79 15.5
1.809 12.79 15.5
1.807 12.81 15.5
1.803 12.83 15.5
1.8 12.85 15.5
1.799 12.85 15.5
1.798 12.86 15.5
1.797 12.87 15.5
1.796 12.88 15.5
1.795 12.89 15.5
1.794 12.9 15.5
1.794 12.9 15.5
1.794 12.9 15.5
1.793 12.9 15.5
1.793 12.91 15.5
1.792 12.92 15.5
1.791 12.93 15.5
1.79 12.94 15.5
1.79 12.94 15.5
1.79 12.94 15.5
1.79 12.95 15.5
1.788 12.95 15.5
1.787 12.97 15.5
1.786 12.97 15.5
1.786 12.98 15.5
1.785 12.97 15.5
1.785 12.97 15.5
1.785 12.97 15.5
1.785 12.98 15.5
1.784 12.98 15.5
1.784 12.99 15.5
1.784 12.99 15.5
1.784 12.99 15.5
1.784 12.99 15.5
1.782 13 15.5
1.782 13.01 15.5
1.781 13.01 15.5
1.78 13.02 15.5
1.78 13.01 15.5
1.779 13.03 15.5
1.777 13.04 15.5
1.776 13.05 15.5
1.775 13.06 15.5
1.773 13.07 15.5
1.772 13.08 15.5
1.77 13.09 15.5
1.769 13.1 15.5
1.768 13.11 15.5
1.767 13.11 15.5
1.766 13.12 15.5
1.765 13.14 15.5
1.763 13.15 15.5
1.761 13.16 15.5
1.759 13.17 15.5
1.758 13.17 15.5
1.758 13.18 15.5
1.757 13.2 15.5
1.756 13.21 15.5
1.755 13.21 15.5
1.755 13.21 15.5
1.754 13.22 15.5
1.753 13.22 15.5
1.752 13.24 15.5
1.751 13.25 15.5
1.75 13.26 15.5
1.747 13.27 15.5
1.746 13.27 15.5
1.745 13.3 15.5
1.744 13.31 15.5
1.742 13.32 15.5
1.74 13.32 15.5
1.738 13.33 15.5
1.737 13.35 15.5
1.737 13.35 15.5
1.736 13.36 15.5
1.735 13.36 15.5
1.734 13.37 15.5
1.733 13.38 15.5
1.733 13.38 15.5
1.733 13.38 15.5
1.732 13.39 15.5
1.729 13.42 15.5
1.729 13.42 15.5
1.728 13.42 15.5
1.727 13.43 15.5
1.726 13.44 15.5
1.726 13.45 15.5
1.726 13.45 15.5
1.725 13.45 15.5
1.723 13.47 15.5
1.721 13.48 15.5
1.721 13.48 15.5
1.72 13.49 15.5
1.718 13.5 15.5
1.717 13.52 15.5
1.715 13.52 15.5
1.714 13.53 15.5
1.712 13.54 15.5
1.71 13.57 15.5
1.708 13.58 15.5
1.708 13.58 15.5
1.707 13.59 15.5
1.706 13.6 15.5
1.705 13.61 15.5
1.704 13.62 15.5
1.703 13.63 15.5
1.703 13.63 15.5
1.702 13.64 15.5
1.7 13.65 15.5
1.699 13.67 15.5
1.698 13.68 15.5
1.696 13.68 15.5
1.695 13.69 15.5
1.695 13.7 15.5
1.694 13.71 15.5
1.692 13.73 15.5
1.691 13.74 15.5
1.689 13.75 15.5
1.687 13.77 15.5
1.685 13.78 15.5
1.684 13.79 15.5
1.683 13.8 15.5
1.682 13.82 15.5
1.68 13.83 15.5
1.679 13.84 15.5
1.678 13.84 15.5
1.677 13.87 15.5
1.674 13.88 15.5
1.671 13.9 15.5
1.67 13.91 15.5
1.669 13.92 15.5
1.668 13.92 15.5
1.667 13.94 15.5
1.666 13.95 15.5
1.665 13.96 15.5
1.664 13.97 15.5
1.662 13.98 15.5
1.661 13.99 15.5
1.66 14 15.5
1.659 14.01 15.5
1.658 14.02 15.5
1.656 14.04 15.5
1.655 14.05 15.5
1.654 14.05 15.5
1.652 14.07 15.5
1.65 14.08 15.5
1.649 14.09 15.5
1.648 14.1 15.5
1.647 14.11 15.5
1.646 14.13 15.5
1.645 14.14 15.5
1.645 14.14 15.5
1.644 14.15 15.5
1.643 14.15 15.5
1.642 14.17 15.5
1.641 14.17 15.5
1.639 14.19 15.5
1.638 14.19 15.5
1.637 14.21 15.5
1.635 14.22 15.5
1.634 14.23 15.5
1.633 14.24 15.5
1.632 14.25 15.5
1.631 14.26 15.5
1.631 14.26 15.5
1.63 14.28 15.5
1.629 14.29 15.5
1.629 14.29 15.5
1.627 14.29 15.5
1.626 14.31 15.5
1.625 14.32 15.5
1.625 14.32 15.5
1.625 14.32 15.5
1.624 14.33 15.5
1.624 14.33 15.5
1.623 14.34 15.5
1.622 14.34 15.5
1.622 14.34 15.5
1.622 14.34 15.5
1.622 14.34 15.5
1.621 14.35 15.5
1.619 14.37 15.5
1.619 14.37 15.5
1.619 14.38 15.5
1.619 14.37 15.5
1.619 14.38 15.5
1.618 14.39 15.5
1.617 14.4 15.5
1.617 14.4 15.5
1.616 14.41 15.5
1.615 14.42 15.5
1.614 14.43 15.5
1.613 14.45 15.5
1.612 14.45 15.5
1.611 14.46 15.5
1.61 14.47 15.5
1.608 14.48 15.5
1.607 14.49 15.5
1.606 14.5 15.5
1.605 14.51 15.5
1.604 14.53 15.5
1.603 14.54 15.5
1.602 14.55 15.5
1.601 14.55 15.5
1.601 14.55 15.5
1.6 14.56 15.5
1.599 14.57 15.5
1.599 14.59 15.5
1.598 14.58 15.5
1.597 14.6 15.5
1.596 14.6 15.5
1.596 14.61 15.5
1.596 14.61 15.5
1.595 14.61 15.5
1.594 14.63 15.5
1.593 14.63 15.5
1.593 14.65 15.5
1.591 14.65 15.5
1.59 14.66 15.5
1.589 14.66 15.5
1.588 14.68 15.5
1.587 14.7 15.5
1.585 14.71 15.5
1.584 14.71 15.5
1.583 14.72 15.5
1.582 14.74 15.5
1.582 14.75 15.5
1.582 14.75 15.5
1.581 14.76 15.5
1.579 14.77 15.5
1.578 14.77 15.5
1.578 14.78 15.5
1.577 14.79 15.5
1.576 14.8 15.5
1.575 14.81 15.5
1.575 14.81 15.5
1.574 14.82 15.5
1.573 14.83 15.5
1.573 14.83 15.5
1.573 14.85 15.5
1.572 14.85 15.5
1.571 14.86 15.5
1.57 14.87 15.5
1.569 14.87 15.5
1.568 14.89 15.5
1.567 14.89 15.5
1.566 14.9 15.5
1.564 14.91 15.5
1.563 14.92 15.5
1.562 14.93 15.5
1.561 14.94 15.5
1.561 14.95 15.5
1.56 14.96 15.5
1.559 14.96 15.5
1.558 14.97 15.5
1.558 14.98 15.5
1.557 14.98 15.5
1.557 14.99 15.5
1.556 14.99 15.5
1.556 14.99 15.5
1.556 14.99 15.5
1.555 15 15.5
1.554 15.01 15.5
1.553 15.01 15.5
1.552 15.03 15.5
1.551 15.04 15.5
1.551 15.04 15.5
1.55 15.04 15.5
1.55 15.04 15.5
1.549 15.06 15.5
1.548 15.07 15.5
1.547 15.08 15.5
1.546 15.08 15.5
1.545 15.1 15.5
1.544 15.11 15.5
1.542 15.12 15.5
1.54 15.14 15.5
1.538 15.15 15.5
1.537 15.16 15.5
1.537 15.17 15.5
1.536 15.18 15.5
1.535 15.19 15.5
1.533 15.2 15.5
1.533 15.21 15.5
1.532 15.23 15.5
1.531 15.24 15.5
1.531 15.25 15.5
1.529 15.26 15.5
1.529 15.27 15.5
1.528 15.28 15.5
1.528 15.29 15.5
1.527 15.3 15.5
1.526 15.31 15.5
1.526 15.32 15.5
1.525 15.32 15.5
1.525 15.33 15.5
1.524 15.33 15.5
1.523 15.34 15.5
1.522 15.35 15.5
1.522 15.36 15.5
1.521 15.36 15.5
1.52 15.37 15.5
1.52 15.37 15.5
1.519 15.38 15.5
1.518 15.39 15.5
1.517 15.4 15.5
1.517 15.4 15.5
1.516 15.4 15.5
1.515 15.41 15.5
1.515 15.41 15.5
1.514 15.42 15.5
1.513 15.42 15.5
1.512 15.43 15.5
1.512 15.44 15.5
1.511 15.44 15.5
1.51 15.45 15.5
1.51 15.46 15.5
1.509 15.46 15.5
1.509 15.47 15.5
1.508 15.47 15.5
1.507 15.48 15.5
1.507 15.48 15.5
1.507 15.48 15.5
1.506 15.49 15.5
1.506 15.49 15.5
1.505 15.5 15.5
1.505 15.5 15.5
1.504 15.51 15.5
1.503 15.51 15.5
1.502 15.52 15.5
1.501 15.53 15.5
1.499 15.55 15.5
1.497 15.57 15.5
1.496 15.58 15.5
1.494 15.6 15.5
1.493 15.61 15.5
1.491 15.63 15.5
1.489 15.65 15.5
1.489 15.67 15.5
1.487 15.67 15.5
1.486 15.69 15.5
1.485 15.7 15.5
1.485 15.71 15.5
1.484 15.72 15.5
1.483 15.73 15.5
1.482 15.74 15.5
1.481 15.76 15.5
1.48 15.79 15.5
1.479 15.8 15.5
1.477 15.81 15.5
1.476 15.84 15.5
1.475 15.85 15.5
1.474 15.86 15.5
1.471 15.87 15.5
1.469 15.88 15.5
1.468 15.89 15.5
1.467 15.9 15.5
1.465 15.91 15.5
1.464 15.92 15.5
1.464 15.93 15.5
1.463 15.94 15.5
1.463 15.96 15.5
1.462 15.96 15.5
1.46 15.98 15.5
1.459 15.99 15.5
1.457 16.01 15.5
1.455 16.04 15.5
1.454 16.05 15.5
1.452 16.06 15.5
1.451 16.08 15.5
1.45 16.1 15.5
1.449 16.11 15.5
1.448 16.13 15.5
1.447 16.15 15.5
1.445 16.17 15.5
1.444 16.18 15.5
1.444 16.19 15.5
1.444 16.2 15.5
1.443 16.21 15.5
1.442 16.22 15.5
1.442 16.22 15.5
1.441 16.23 15.5
1.44 16.25 15.5
1.439 16.27 15.5
1.438 16.28 15.5
1.437 16.29 15.5
1.436 16.31 15.5
1.435 16.32 15.5
1.434 16.33 15.5
1.433 16.34 15.5
1.433 16.35 15.5
1.432 16.36 15.5
1.431 16.38 15.5
1.43 16.38 15.5
1.43 16.38 15.5
1.429 16.39 15.5
1.428 16.4 15.5
1.427 16.41 15.5
1.426 16.42 15.5
1.426 16.43 15.5
1.424 16.45 15.5
1.423 16.46 15.5
1.422 16.48 15.5
1.42 16.49 15.5
1.419 16.51 15.5
1.417 16.53 15.5
1.415 16.55 15.5
1.414 16.57 15.5
1.413 16.58 15.5
1.412 16.59 15.5
1.411 16.6 15.5
1.41 16.62 15.5
1.409 16.63 15.5
1.408 16.64 15.5
1.407 16.66 15.5
1.406 16.67 15.5
1.405 16.68 15.5
1.404 16.68 15.5
1.404 16.69 15.5
1.403 16.7 15.5
1.403 16.71 15.5
1.402 16.72 15.5
1.402 16.73 15.5
1.401 16.74 15.5
1.4 16.74 15.5
1.4 16.75 15.5
1.399 16.75 15.5
1.399 16.77 15.5
1.398 16.78 15.5
1.397 16.79 15.5
1.395 16.8 15.5
1.394 16.81 15.5
1.393 16.83 15.5
1.392 16.84 15.5
1.392 16.84 15.5
1.392 16.84 15.5
1.392 16.85 15.5
1.391 16.86 15.5
1.391 16.86 15.5
1.391 16.87 15.5
1.39 16.88 15.5
1.389 16.89 15.5
1.389 16.89 15.5
1.388 16.9 15.5
1.388 16.91 15.5
1.387 16.92 15.5
1.386 16.93 15.5
1.386 16.94 15.5
1.385 16.95 15.5
1.384 16.96 15.5
1.383 16.97 15.5
1.382 16.98 15.5
1.381 16.99 15.5
1.38 17.01 15.5
1.379 17.02 15.5
1.378 17.04 15.5
1.377 17.05 15.5
1.376 17.06 15.5
1.375 17.06 15.5
1.375 17.07 15.5
1.374 17.08 15.5
1.374 17.09 15.5
1.373 17.1 15.5
1.373 17.11 15.5
1.373 17.11 15.5
1.372 17.11 15.5
1.372 17.12 15.5
1.372 17.12 15.5
1.371 17.13 15.5
1.371 17.13 15.51
1.371 17.14 15.5
1.371 17.14 15.5
1.37 17.15 15.51
1.37 17.15 15.5
1.369 17.16 15.51
1.369 17.17 15.51
1.368 17.18 15.5
1.367 17.18 15.51
1.367 17.19 15.51
1.366 17.2 15.5
1.365 17.2 15.51
1.365 17.21 15.5
1.364 17.22 15.5
1.364 17.23 15.5
1.363 17.23 15.5
1.363 17.24 15.5
1.363 17.25 15.5
1.362 17.25 15.5
1.362 17.25 15.5
1.361 17.26 15.51
1.361 17.27 15.5
1.361 17.27 15.51
1.36 17.28 15.51
1.359 17.29 15.51
1.358 17.31 15.51
1.357 17.32 15.51
1.355 17.34 15.51
1.353 17.36 15.51
1.352 17.38 15.51
1.352 17.39 15.51
1.351 17.4 15.51
1.35 17.41 15.51
1.349 17.42 15.51
1.349 17.43 15.51
1.348 17.44 15.51
1.347 17.45 15.51
1.345 17.47 15.51
1.344 17.48 15.51
1.342 17.5 15.51
1.342 17.51 15.51
1.341 17.52 15.51
1.34 17.53 15.51
1.34 17.53 15.51
1.339 17.55 15.51
1.338 17.57 15.51
1.337 17.58 15.51
1.335 17.6 15.51
1.334 17.62 15.51
1.333 17.63 15.51
1.332 17.64 15.51
1.331 17.65 15.51
1.33 17.66 15.51
1.329 17.68 15.51
1.329 17.69 15.51
1.328 17.7 15.51
1.328 17.7 15.51
1.328 17.7 15.51
1.328 17.71 15.51
1.328 17.71 15.51
1.328 17.71 15.51
1.328 17.71 15.51
1.328 17.71 15.51
1.328 17.71 15.51
1.328 17.71 15.51
1.328 17.71 15.51
1.328 17.71 15.51
1.328 17.71 15.51
1.328 17.72 15.51
1.328 17.72 15.51
1.328 17.72 15.51
1.328 17.72 15.51
1.328 17.73 15.51
1.327 17.73 15.51
1.327 17.74 15.51
1.326 17.74 15.51
1.325 17.76 15.51
1.324 17.78 15.51
1.322 17.79 15.51
1.322 17.8 15.51
1.321 17.81 15.51
1.32 17.83 15.51
1.319 17.84 15.51
1.318 17.85 15.51
1.317 17.86 15.51
1.317 17.87 15.51
1.316 17.88 15.51
1.316 17.88 15.51
1.316 17.88 15.51
1.316 17.88 15.51
1.316 17.89 15.51
1.315 17.89 15.51
1.315 17.9 15.51
1.314 17.91 15.51
1.314 17.91 15.51
1.313 17.93 15.51
1.312 17.94 15.51
1.311 17.95 15.51
1.31 17.96 15.51
1.309 17.97 15.51
1.309 17.98 15.51
1.308 17.99 15.51
1.308 18 15.51
1.307 18.01 15.51
1.305 18.02 15.51
1.305 18.03 15.51
1.305 18.03 15.51
1.304 18.04 15.51
1.303 18.05 15.51
1.303 18.05 15.51
1.303 18.06 15.51
1.303 18.06 15.51
1.303 18.06 15.51
1.302 18.07 15.51
1.302 18.08 15.51
1.301 18.1 15.51
1.3 18.11 15.51
1.299 18.12 15.51
1.298 18.12 15.51
1.298 18.13 15.51
1.298 18.14 15.51
1.297 18.14 15.51
1.297 18.15 15.51
1.296 18.17 15.51
1.295 18.18 15.51
1.294 18.2 15.51
1.294 18.21 15.51
1.293 18.21 15.51
1.292 18.22 15.51
1.292 18.23 15.51
1.291 18.24 15.51
1.29 18.25 15.51
1.289 18.27 15.51
1.288 18.29 15.51
1.287 18.3 15.51
1.286 18.31 15.51
1.285 18.33 15.51
1.284 18.34 15.51
1.283 18.34 15.51
1.283 18.35 15.51
1.282 18.36 15.51
1.281 18.38 15.51
1.28 18.4 15.51
1.279 18.4 15.51
1.279 18.41 15.51
1.279 18.41 15.51
1.279 18.42 15.51
1.279 18.42 15.51
1.278 18.42 15.51
1.278 18.43 15.51
1.276 18.44 15.51
1.275 18.46 15.51
1.275 18.47 15.51
1.274 18.48 15.51
1.274 18.48 15.51
1.274 18.49 15.51
1.273 18.5 15.51
1.273 18.5 15.51
1.272 18.52 15.51
1.271 18.53 15.51
1.271 18.54 15.51
1.27 18.54 15.51
1.269 18.56 15.51
1.268 18.57 15.51
1.267 18.58 15.51
1.266 18.6 15.51
1.266 18.61 15.51
1.265 18.62 15.51
1.265 18.62 15.51
1.265 18.62 15.51
1.265 18.62 15.51
1.265 18.63 15.51
1.265 18.63 15.51
1.265 18.63 15.51
1.264 18.64 15.51
1.263 18.65 15.51
1.262 18.67 15.51
1.262 18.68 15.51
1.261 18.68 15.51
1.261 18.69 15.51
1.26 18.7 15.51
1.26 18.71 15.51
1.259 18.72 15.51
1.259 18.73 15.51
1.258 18.73 15.51
1.257 18.74 15.51
1.257 18.76 15.51
1.256 18.77 15.51
1.255 18.78 15.51
1.254 18.79 15.51
1.253 18.81 15.51
1.253 18.82 15.51
1.252 18.82 15.51
1.252 18.83 15.51
1.251 18.84 15.51
1.25 18.85 15.51
1.249 18.87 15.51
1.248 18.88 15.51
1.247 18.9 15.51
1.246 18.91 15.51
1.245 18.93 15.51
1.245 18.93 15.51
1.244 18.94 15.51
1.244 18.95 15.51
1.243 18.95 15.51
1.243 18.96 15.51
1.242 18.97 15.51
1.241 18.98 15.51
1.24 19 15.51
1.239 19.01 15.51
1.238 19.03 15.51
1.237 19.05 15.51
1.237 19.06 15.51
1.236 19.07 15.51
1.236 19.08 15.51
1.235 19.09 15.51
1.235 19.1 15.51
1.234 19.1 15.51
1.234 19.11 15.51
1.233 19.11 15.51
1.232 19.13 15.51
1.232 19.15 15.51
1.231 19.15 15.51
1.231 19.16 15.51
1.23 19.17 15.51
1.229 19.19 15.51
1.227 19.21 15.51
1.227 19.22 15.51
1.226 19.24 15.51
1.224 19.26 15.51
1.224 19.27 15.51
1.224 19.27 15.51
1.223 19.28 15.51
1.223 19.29 15.51
1.222 19.3 15.51
1.221 19.32 15.51
1.221 19.33 15.51
1.22 19.33 15.51
1.22 19.33 15.51
1.22 19.34 15.51
1.219 19.36 15.51
1.218 19.38 15.51
1.216 19.4 15.51
1.215 19.41 15.51
1.215 19.42 15.51
1.214 19.44 15.51
1.213 19.45 15.51
1.212 19.47 15.51
1.211 19.48 15.51
1.21 19.5 15.51
1.209 19.51 15.51
1.208 19.53 15.51
1.208 19.54 15.51
1.207 19.55 15.51
1.207 19.56 15.51
1.206 19.57 15.51
1.206 19.58 15.51
1.205 19.59 15.51
1.204 19.61 15.51
1.203 19.62 15.51
1.202 19.63 15.51
1.202 19.64 15.51
1.201 19.65 15.51
1.201 19.67 15.51
1.2 19.68 15.51
1.199 19.69 15.51
1.199 19.69 15.51
1.199 19.69 15.51
1.198 19.7 15.51
1.198 19.71 15.51
1.198 19.72 15.51
1.197 19.73 15.51
1.196 19.74 15.51
1.195 19.75 15.51
1.195 19.76 15.51
1.195 19.77 15.51
1.194 19.78 15.51
1.194 19.79 15.51
1.193 19.8 15.51
1.193 19.8 15.51
1.192 19.81 15.51
1.192 19.82 15.51
1.191 19.82 15.51
1.191 19.84 15.51
1.19 19.85 15.51
1.189 19.86 15.51
1.188 19.88 15.51
1.187 19.9 15.51
1.186 19.91 15.51
1.186 19.91 15.51
1.185 19.93 15.51
1.184 19.95 15.51
1.183 19.97 15.51
1.182 19.97 15.51
1.182 19.98 15.51
1.181 20 15.51
1.18 20.01 15.51
1.18 20.02 15.51
1.179 20.03 15.51
1.179 20.03 15.51
1.179 20.04 15.51
1.178 20.05 15.51
1.178 20.06 15.51
1.178 20.06 15.51
1.178 20.06 15.51
1.178 20.07 15.51
1.177 20.08 15.51
1.177 20.08 15.51
1.177 20.09 15.51
1.176 20.09 15.51
1.176 20.1 15.51
1.176 20.1 15.51
1.175 20.11 15.51
1.175 20.11 15.51
1.175 20.12 15.51
1.175 20.12 15.51
1.174 20.13 15.51
1.174 20.14 15.51
1.173 20.15 15.51
1.173 20.16 15.51
1.172 20.17 15.51
1.172 20.17 15.51
1.172 20.18 15.51
1.172 20.18 15.51
1.171 20.19 15.51
1.171 20.2 15.51
1.17 20.21 15.51
1.17 20.22 15.51
1.169 20.23 15.51
1.168 20.24 15.51
1.168 20.26 15.51
1.167 20.27 15.51
1.167 20.27 15.51
1.166 20.28 15.51
1.165 20.29 15.51
1.165 20.3 15.51
1.164 20.32 15.51
1.163 20.33 15.51
1.163 20.34 15.51
1.162 20.35 15.51
1.162 20.36 15.51
1.161 20.37 15.51
1.161 20.38 15.51
1.16 20.39 15.51
1.16 20.4 15.51
1.159 20.41 15.51
1.158 20.42 15.51
1.158 20.43 15.51
1.158 20.43 15.51
1.158 20.44 15.51
1.157 20.45 15.51
1.157 20.45 15.51
1.157 20.45 15.51
1.157 20.45 15.51
1.157 20.45 15.51
1.157 20.46 15.51
1.157 20.46 15.51
1.157 20.46 15.51
1.157 20.46 15.51
1.157 20.46 15.51
1.157 20.47 15.51
1.156 20.48 15.51
1.156 20.49 15.51
1.155 20.5 15.51
1.155 20.5 15.51
1.155 20.51 15.51
1.154 20.51 15.51
1.154 20.51 15.51
1.154 20.52 15.51
1.154 20.53 15.51
1.153 20.54 15.51
1.153 20.55 15.51
1.152 20.56 15.51
1.152 20.56 15.51
1.151 20.57 15.51
1.15 20.58 15.51
1.15 20.59 15.51
1.149 20.6 15.51
1.149 20.61 15.51
1.148 20.62 15.51
1.148 20.63 15.51
1.148 20.64 15.51
1.147 20.65 15.51
1.146 20.66 15.51
1.146 20.67 15.51
1.145 20.68 15.51
1.144 20.7 15.51
1.144 20.7 15.51
1.143 20.71 15.51
1.142 20.73 15.51
1.142 20.73 15.51
1.141 20.74 15.51
1.141 20.74 15.51
1.141 20.74 15.51
1.141 20.75 15.51
1.141 20.75 15.51
1.141 20.75 15.51
1.141 20.76 15.51
1.14 20.77 15.51
1.14 20.78 15.51
1.139 20.79 15.51
1.138 20.8 15.51
1.138 20.82 15.51
1.137 20.82 15.51
1.136 20.83 15.51
1.136 20.85 15.51
1.135 20.86 15.51
1.135 20.87 15.51
1.134 20.88 15.51
1.134 20.89 15.51
1.133 20.91 15.51
1.132 20.92 15.51
1.132 20.93 15.51
1.131 20.93 15.51
1.131 20.94 15.51
1.13 20.95 15.51
1.13 20.97 15.51
1.13 20.98 15.51
1.129 20.99 15.51
1.129 20.99 15.51
1.129 20.99 15.51
1.129 21 15.51
1.128 21 15.51
1.128 21.01 15.51
1.127 21.03 15.51
1.127 21.04 15.51
1.126 21.05 15.51
1.125 21.06 15.51
1.125 21.07 15.51
1.125 21.08 15.51
1.124 21.09 15.51
1.124 21.09 15.51
1.124 21.1 15.51
1.123 21.1 15.51
1.122 21.12 15.51
1.122 21.13 15.51
1.121 21.14 15.51
1.12 21.15 15.51
1.12 21.16 15.51
1.119 21.17 15.51
1.119 21.18 15.51
1.119 21.18 15.51
1.119 21.19 15.51
1.118 21.2 15.51
1.118 21.21 15.51
1.117 21.21 15.51
1.117 21.22 15.51
1.116 21.23 15.51
1.116 21.25 15.51
1.115 21.26 15.51
1.114 21.27 15.51
1.114 21.28 15.51
1.113 21.29 15.51
1.113 21.3 15.51
1.112 21.3 15.51
1.112 21.32 15.51
1.111 21.34 15.51
1.111 21.34 15.51
1.11 21.35 15.51
1.11 21.36 15.51
1.109 21.38 15.51
1.109 21.38 15.51
1.108 21.39 15.51
1.107 21.41 15.51
1.107 21.42 15.51
1.106 21.43 15.51
1.105 21.44 15.51
1.105 21.46 15.51
1.104 21.47 15.51
1.104 21.48 15.51
1.104 21.49 15.51
1.103 21.49 15.51
1.103 21.5 15.51
1.102 21.51 15.51
1.101 21.53 15.51
1.1 21.55 15.51
1.1 21.56 15.51
1.099 21.57 15.51
1.099 21.58 15.51
1.098 21.59 15.51
1.098 21.6 15.51
1.097 21.61 15.51
1.097 21.62 15.51
1.097 21.63 15.51
1.096 21.64 15.51
1.096 21.65 15.51
1.096 21.65 15.51
1.095 21.66 15.51
1.095 21.67 15.51
1.095 21.68 15.51
1.094 21.69 15.51
1.093 21.7 15.51
1.093 21.71 15.51
1.092 21.73 15.51
1.091 21.75 15.51
1.09 21.77 15.51
1.089 21.78 15.51
1.089 21.79 15.51
1.088 21.8 15.51
1.088 21.81 15.51
1.088 21.82 15.51
1.088 21.83 15.51
1.087 21.84 15.51
1.086 21.85 15.51
1.086 21.86 15.51
1.085 21.88 15.52
1.084 21.89 15.51
1.084 21.9 15.51
1.084 21.91 15.51
1.084 21.91 15.51
1.084 21.92 15.52
1.084 21.92 15.51
1.084 21.92 15.51
1.084 21.92 15.52
1.084 21.92 15.52
1.084 21.92 15.51
1.084 21.93 15.52
1.083 21.93 15.52
1.082 21.95 15.52
1.082 21.96 15.52
1.081 21.97 15.52
1.081 21.97 15.52
1.08 21.98 15.52
1.08 21.99 15.52
1.08 22 15.52
1.08 22.01 15.52
1.079 22.02 15.52
1.078 22.03 15.52
1.077 22.04 15.52
1.077 22.06 15.52
1.076 22.07 15.52
1.076 22.08 15.52
1.075 22.09 15.52
1.075 22.1 15.52
1.074 22.11 15.52
1.074 22.11 15.52
1.073 22.12 15.52
1.073 22.14 15.52
1.073 22.15 15.52
1.072 22.15 15.52
1.072 22.15 15.52
1.072 22.16 15.52
1.072 22.16 15.52
1.072 22.16 15.52
1.072 22.17 15.52
1.071 22.18 15.52
1.071 22.19 15.52
