3.617 6.31 25.36
3.613 6.31 25.36
3.607 6.32 25.36
3.603 6.33 25.36
3.598 6.34 25.36
3.593 6.35 25.36
3.588 6.36 25.36
3.581 6.38 25.36
3.567 6.41 25.36
3.555 6.43 25.36
3.541 6.45 25.36
3.528 6.47 25.36
3.517 6.5 25.36
3.508 6.51 25.36
3.5 6.53 25.36
3.491 6.54 25.36
3.482 6.57 25.36
3.476 6.58 25.36
3.473 6.58 25.36
3.468 6.6 25.36
3.461 6.61 25.36
3.452 6.63 25.36
3.448 6.63 25.36
3.445 6.64 25.36
3.438 6.66 25.36
3.433 6.68 25.36
3.43 6.68 25.36
3.427 6.69 25.36
3.424 6.69 25.36
3.422 6.7 25.36
3.42 6.7 25.36
3.414 6.72 25.36
3.408 6.72 25.36
3.401 6.73 25.36
3.394 6.75 25.36
3.388 6.77 25.36
3.383 6.78 25.36
3.379 6.78 25.36
3.375 6.79 25.36
3.371 6.8 25.36
3.365 6.82 25.36
3.362 6.82 25.36
3.359 6.83 25.36
3.354 6.83 25.36
3.35 6.84 25.36
3.346 6.85 25.36
3.339 6.87 25.36
3.334 6.89 25.36
3.331 6.89 25.36
3.329 6.9 25.36
3.323 6.91 25.36
3.318 6.93 25.36
3.313 6.94 25.36
3.309 6.95 25.36
3.305 6.97 25.36
3.3 6.98 25.36
3.295 7 25.36
3.292 7 25.36
3.289 7 25.36
3.287 7.01 25.36
3.284 7.02 25.36
3.282 7.03 25.36
3.278 7.04 25.36
3.272 7.05 25.36
3.267 7.07 25.36
3.261 7.08 25.36
3.253 7.09 25.36
3.246 7.11 25.36
3.239 7.12 25.36
3.235 7.13 25.36
3.232 7.15 25.36
3.228 7.15 25.36
3.223 7.17 25.36
3.217 7.17 25.36
3.211 7.19 25.36
3.206 7.19 25.36
3.201 7.2 25.36
3.198 7.21 25.36
3.196 7.22 25.36
3.195 7.22 25.36
3.193 7.23 25.36
3.19 7.24 25.36
3.187 7.24 25.36
3.182 7.26 25.36
3.178 7.26 25.36
3.175 7.27 25.36
3.171 7.28 25.36
3.168 7.29 25.36
3.165 7.29 25.36
3.163 7.3 25.36
3.161 7.31 25.36
3.157 7.32 25.36
3.153 7.33 25.36
3.15 7.34 25.36
3.148 7.34 25.36
3.146 7.34 25.36
3.144 7.36 25.36
3.143 7.35 25.36
3.142 7.36 25.36
3.138 7.37 25.36
3.136 7.38 25.36
3.136 7.39 25.36
3.135 7.39 25.36
3.132 7.4 25.36
3.125 7.42 25.36
3.12 7.43 25.36
3.116 7.44 25.36
3.111 7.45 25.36
3.105 7.47 25.36
3.101 7.48 25.36
3.095 7.49 25.36
3.089 7.51 25.36
3.084 7.53 25.36
3.079 7.54 25.36
3.075 7.55 25.36
3.069 7.56 25.36
3.065 7.57 25.36
3.061 7.58 25.36
3.059 7.59 25.36
3.059 7.59 25.36
3.052 7.6 25.36
3.042 7.63 25.36
3.029 7.66 25.36
3.023 7.67 25.36
3.022 7.68 25.36
3.016 7.69 25.36
3.014 7.69 25.36
3.015 7.69 25.36
3.011 7.7 25.36
3.007 7.71 25.36
3.003 7.73 25.36
3.001 7.74 25.36
2.997 7.73 25.36
2.995 7.75 25.36
2.991 7.75 25.36
2.989 7.75 25.36
2.988 7.76 25.36
2.986 7.77 25.36
2.982 7.78 25.36
2.979 7.78 25.36
2.98 7.79 25.36
2.979 7.79 25.36
2.977 7.79 25.36
2.974 7.8 25.36
2.972 7.8 25.36
2.971 7.8 25.36
2.969 7.81 25.36
2.965 7.82 25.36
2.964 7.83 25.36
2.962 7.83 25.36
2.958 7.84 25.36
2.953 7.86 25.36
2.947 7.89 25.36
2.942 7.9 25.36
2.935 7.91 25.36
2.928 7.94 25.36
2.924 7.96 25.36
2.917 7.98 25.36
2.911 7.99 25.36
2.907 8 25.36
2.902 8.01 25.36
2.896 8.02 25.36
2.891 8.04 25.36
2.887 8.05 25.36
2.882 8.06 25.36
2.877 8.08 25.36
2.874 8.09 25.36
2.87 8.1 25.36
2.866 8.11 25.36
2.863 8.12 25.36
2.861 8.14 25.36
2.857 8.15 25.36
2.855 8.15 25.36
2.852 8.16 25.36
2.85 8.17 25.36
2.847 8.18 25.36
2.844 8.19 25.36
2.843 8.2 25.36
2.842 8.2 25.36
2.84 8.2 25.36
2.839 8.2 25.36
2.838 8.2 25.36
2.835 8.22 25.36
2.834 8.22 25.36
2.833 8.22 25.36
2.832 8.22 25.36
2.83 8.24 25.36
2.828 8.24 25.36
2.826 8.25 25.36
2.824 8.25 25.36
2.822 8.25 25.36
2.82 8.25 25.36
2.817 8.26 25.36
2.812 8.27 25.36
2.809 8.28 25.36
2.807 8.29 25.36
2.805 8.3 25.36
2.803 8.3 25.36
2.802 8.31 25.36
2.799 8.32 25.36
2.795 8.33 25.36
2.792 8.34 25.36
2.789 8.36 25.36
2.785 8.37 25.36
2.781 8.39 25.36
2.775 8.41 25.36
2.768 8.42 25.36
2.764 8.44 25.36
2.76 8.45 25.36
2.755 8.46 25.36
2.751 8.47 25.36
2.749 8.47 25.36
2.747 8.5 25.36
2.744 8.51 25.36
2.74 8.52 25.36
2.736 8.53 25.36
2.733 8.55 25.36
2.731 8.54 25.36
2.73 8.55 25.36
2.729 8.56 25.36
2.727 8.57 25.36
2.724 8.57 25.36
2.72 8.59 25.36
2.718 8.59 25.36
2.716 8.6 25.36
2.713 8.61 25.36
2.709 8.62 25.36
2.707 8.63 25.36
2.705 8.64 25.36
2.703 8.65 25.36
2.7 8.66 25.36
2.698 8.67 25.36
2.696 8.67 25.36
2.694 8.68 25.36
2.692 8.68 25.36
2.69 8.69 25.36
2.689 8.69 25.36
2.687 8.7 25.36
2.685 8.71 25.36
2.684 8.71 25.36
2.683 8.72 25.36
2.682 8.72 25.36
2.68 8.71 25.36
2.679 8.72 25.36
2.677 8.73 25.36
2.676 8.73 25.36
2.674 8.73 25.36
2.673 8.74 25.36
2.671 8.75 25.36
2.668 8.76 25.36
2.665 8.76 25.36
2.661 8.77 25.36
2.657 8.79 25.36
2.655 8.8 25.36
2.651 8.81 25.36
2.644 8.84 25.36
2.635 8.87 25.36
2.63 8.89 25.36
2.626 8.91 25.36
2.623 8.91 25.36
2.618 8.93 25.36
2.614 8.94 25.36
2.612 8.95 25.36
2.61 8.96 25.36
2.608 8.97 25.36
2.605 8.99 25.36
2.602 9 25.36
2.598 9.01 25.36
2.596 9.03 25.36
2.593 9.04 25.36
2.589 9.05 25.36
2.586 9.06 25.36
2.584 9.07 25.36
2.583 9.08 25.36
2.581 9.08 25.36
2.58 9.08 25.36
2.579 9.09 25.36
2.578 9.1 25.36
2.576 9.11 25.36
2.575 9.11 25.36
2.573 9.12 25.36
2.572 9.12 25.36
2.57 9.13 25.36
2.568 9.14 25.36
2.566 9.15 25.36
2.565 9.15 25.36
2.565 9.15 25.36
2.564 9.16 25.36
2.563 9.16 25.36
2.562 9.16 25.36
2.56 9.16 25.36
2.56 9.17 25.36
2.558 9.16 25.36
2.557 9.17 25.36
2.555 9.18 25.36
2.553 9.18 25.36
2.551 9.19 25.36
2.55 9.2 25.36
2.548 9.21 25.36
2.546 9.21 25.36
2.544 9.21 25.36
2.541 9.22 25.36
2.539 9.24 25.36
2.536 9.25 25.36
2.533 9.26 25.36
2.531 9.27 25.36
2.528 9.28 25.36
2.526 9.29 25.36
2.524 9.31 25.36
2.52 9.32 25.36
2.515 9.34 25.36
2.511 9.36 25.36
2.507 9.37 25.36
2.502 9.38 25.36
2.499 9.41 25.36
2.496 9.41 25.36
2.494 9.42 25.36
2.492 9.42 25.36
2.49 9.43 25.36
2.487 9.43 25.36
2.485 9.46 25.36
2.483 9.47 25.36
2.48 9.48 25.36
2.478 9.48 25.36
2.476 9.48 25.36
2.474 9.5 25.36
2.473 9.51 25.36
2.472 9.52 25.36
2.471 9.52 25.36
2.47 9.53 25.36
2.468 9.53 25.36
2.466 9.54 25.36
2.463 9.55 25.36
2.46 9.56 25.36
2.458 9.58 25.36
2.455 9.58 25.36
2.452 9.6 25.36
2.45 9.61 25.36
2.447 9.61 25.36
2.446 9.62 25.36
2.443 9.64 25.36
2.442 9.64 25.36
2.441 9.64 25.36
2.439 9.64 25.36
2.437 9.64 25.36
2.435 9.66 25.36
2.433 9.67 25.36
2.431 9.68 25.36
2.427 9.68 25.36
2.424 9.7 25.36
2.421 9.72 25.36
2.419 9.73 25.36
2.417 9.73 25.36
2.415 9.75 25.36
2.412 9.76 25.36
2.406 9.79 25.36
2.398 9.82 25.36
2.391 9.85 25.36
2.386 9.86 25.36
2.382 9.89 25.36
2.379 9.9 25.36
2.377 9.91 25.36
2.376 9.92 25.36
2.376 9.92 25.36
2.376 9.92 25.36
2.375 9.94 25.36
2.374 9.94 25.36
2.373 9.94 25.36
2.372 9.94 25.36
2.371 9.94 25.36
2.37 9.95 25.36
2.369 9.95 25.36
2.368 9.96 25.36
2.367 9.96 25.36
2.365 9.98 25.36
2.364 9.98 25.36
2.362 9.99 25.36
2.361 10 25.36
2.359 10.01 25.36
2.356 10.01 25.36
2.353 10.03 25.36
2.35 10.04 25.36
2.349 10.05 25.36
2.346 10.05 25.36
2.343 10.06 25.36
2.341 10.07 25.36
2.338 10.08 25.36
2.334 10.1 25.36
2.331 10.11 25.36
2.329 10.13 25.36
2.327 10.14 25.36
2.326 10.14 25.36
2.326 10.14 25.36
2.324 10.15 25.36
2.324 10.15 25.36
2.322 10.16 25.36
2.321 10.16 25.36
2.32 10.16 25.36
2.318 10.17 25.36
2.316 10.18 25.36
2.315 10.2 25.36
2.314 10.19 25.36
2.313 10.2 25.36
2.311 10.21 25.36
2.31 10.21 25.36
2.308 10.23 25.36
2.306 10.23 25.36
2.304 10.24 25.36
2.301 10.25 25.36
2.298 10.27 25.36
2.292 10.3 25.36
2.287 10.33 25.36
2.283 10.34 25.36
2.28 10.35 25.36
2.278 10.38 25.36
2.275 10.38 25.36
2.272 10.4 25.36
2.269 10.4 25.36
2.266 10.41 25.36
2.262 10.44 25.36
2.258 10.45 25.36
2.255 10.46 25.36
2.252 10.49 25.36
2.251 10.5 25.36
2.251 10.49 25.36
2.25 10.5 25.36
2.249 10.49 25.36
2.248 10.5 25.36
2.247 10.5 25.36
2.245 10.52 25.36
2.242 10.53 25.36
2.24 10.54 25.36
2.239 10.55 25.36
2.237 10.55 25.36
2.236 10.56 25.36
2.235 10.56 25.36
2.233 10.57 25.36
2.231 10.58 25.36
2.23 10.58 25.36
2.228 10.59 25.36
2.226 10.59 25.36
2.225 10.6 25.36
2.224 10.62 25.36
2.222 10.63 25.36
2.22 10.64 25.36
2.219 10.64 25.36
2.219 10.64 25.36
2.218 10.66 25.35
2.216 10.66 25.36
2.214 10.67 25.35
2.213 10.68 25.36
2.211 10.69 25.35
2.209 10.71 25.35
2.207 10.71 25.35
2.205 10.71 25.35
2.204 10.74 25.35
2.201 10.74 25.35
2.197 10.76 25.35
2.193 10.78 25.35
2.19 10.81 25.35
2.187 10.81 25.35
2.185 10.81 25.35
2.183 10.85 25.35
2.182 10.85 25.35
2.181 10.85 25.35
2.179 10.86 25.35
2.177 10.87 25.35
2.176 10.87 25.35
2.175 10.88 25.35
2.174 10.89 25.35
2.172 10.9 25.35
2.171 10.91 25.35
2.17 10.91 25.35
2.168 10.93 25.35
2.167 10.94 25.35
2.165 10.93 25.35
2.164 10.94 25.35
2.162 10.95 25.35
2.159 10.96 25.35
2.156 10.99 25.35
2.155 10.99 25.35
2.151 11.01 25.35
2.147 11.03 25.35
2.146 11.05 25.35
2.145 11.04 25.35
2.144 11.05 25.35
2.144 11.05 25.35
2.143 11.05 25.35
2.142 11.06 25.35
2.141 11.06 25.35
2.139 11.07 25.35
2.138 11.07 25.35
2.137 11.09 25.35
2.137 11.09 25.35
2.136 11.09 25.35
2.135 11.1 25.35
2.133 11.1 25.35
2.132 11.11 25.35
2.131 11.12 25.35
2.13 11.13 25.35
2.13 11.14 25.35
2.13 11.14 25.35
2.129 11.14 25.35
2.127 11.15 25.35
2.126 11.16 25.35
2.125 11.17 25.35
2.123 11.17 25.35
2.121 11.19 25.35
2.119 11.2 25.35
2.119 11.2 25.35
2.118 11.2 25.35
2.116 11.21 25.35
2.114 11.22 25.35
2.112 11.25 25.35
2.11 11.25 25.35
2.108 11.26 25.35
2.105 11.28 25.35
2.102 11.29 25.35
2.1 11.3 25.35
2.097 11.31 25.35
2.095 11.32 25.35
2.094 11.34 25.35
2.092 11.35 25.35
2.091 11.35 25.35
2.089 11.36 25.35
2.087 11.37 25.35
2.085 11.38 25.35
2.084 11.39 25.35
2.082 11.4 25.35
2.08 11.4 25.35
2.079 11.42 25.35
2.077 11.42 25.35
2.075 11.43 25.35
2.072 11.45 25.35
2.068 11.47 25.35
2.066 11.48 25.35
2.066 11.49 25.35
2.063 11.5 25.35
2.06 11.51 25.35
2.059 11.52 25.35
2.058 11.52 25.35
2.057 11.52 25.35
2.056 11.54 25.35
2.054 11.54 25.35
2.053 11.55 25.35
2.052 11.56 25.35
2.05 11.57 25.35
2.049 11.58 25.35
2.046 11.59 25.35
2.044 11.61 25.35
2.042 11.61 25.35
2.04 11.63 25.35
2.038 11.64 25.35
2.037 11.65 25.35
2.035 11.66 25.35
2.033 11.68 25.35
2.031 11.69 25.35
2.03 11.7 25.35
2.028 11.71 25.35
2.026 11.73 25.35
2.023 11.75 25.35
2.021 11.76 25.35
2.018 11.77 25.35
2.016 11.78 25.35
2.013 11.81 25.35
2.01 11.82 25.35
2.008 11.84 25.35
2.004 11.85 25.35
2.001 11.86 25.35
1.998 11.88 25.35
1.995 11.9 25.35
1.991 11.92 25.35
1.988 11.94 25.35
1.987 11.95 25.35
1.985 11.96 25.35
1.983 11.98 25.35
1.981 11.99 25.35
1.98 11.99 25.35
1.979 12 25.35
1.978 12.01 25.35
1.976 12.01 25.35
1.975 12.01 25.35
1.975 12.02 25.35
1.975 12.02 25.35
1.975 12.02 25.35
1.974 12.03 25.35
1.974 12.04 25.35
1.973 12.04 25.35
1.972 12.04 25.35
1.971 12.05 25.35
1.971 12.06 25.35
1.97 12.06 25.35
1.969 12.07 25.35
1.969 12.07 25.35
1.968 12.08 25.35
1.967 12.09 25.35
1.966 12.1 25.35
1.964 12.11 25.35
1.964 12.12 25.35
1.964 12.12 25.35
1.963 12.11 25.35
1.963 12.12 25.35
1.962 12.13 25.35
1.959 12.14 25.35
1.958 12.17 25.35
1.956 12.17 25.35
1.955 12.17 25.35
1.953 12.18 25.35
1.951 12.2 25.35
1.949 12.21 25.35
1.948 12.22 25.35
1.947 12.23 25.35
1.945 12.25 25.35
1.944 12.26 25.35
1.942 12.27 25.35
1.94 12.28 25.35
1.939 12.28 25.35
1.937 12.3 25.35
1.935 12.3 25.35
1.933 12.33 25.35
1.93 12.34 25.35
1.925 12.37 25.35
1.921 12.39 25.35
1.919 12.4 25.35
1.917 12.42 25.35
1.915 12.44 25.35
1.914 12.44 25.35
1.913 12.44 25.35
1.912 12.46 25.35
1.911 12.46 25.35
1.91 12.48 25.35
1.909 12.48 25.35
1.908 12.49 25.35
1.907 12.49 25.35
1.906 12.5 25.35
1.906 12.5 25.35
1.905 12.52 25.35
1.904 12.52 25.35
1.903 12.52 25.35
1.901 12.54 25.35
1.9 12.55 25.35
1.9 12.55 25.35
1.899 12.56 25.35
1.898 12.56 25.35
1.897 12.57 25.35
1.896 12.59 25.35
1.895 12.6 25.35
1.892 12.61 25.35
1.891 12.63 25.35
1.889 12.64 25.35
1.887 12.65 25.35
1.885 12.66 25.35
1.883 12.68 25.35
1.881 12.7 25.35
1.878 12.7 25.35
1.875 12.72 25.35
1.873 12.75 25.35
1.872 12.75 25.35
1.87 12.77 25.35
1.869 12.77 25.35
1.868 12.78 25.35
1.866 12.8 25.35
1.864 12.81 25.35
1.861 12.83 25.35
1.857 12.85 25.35
1.852 12.88 25.35
1.851 12.9 25.35
1.848 12.91 25.35
1.845 12.94 25.35
1.844 12.94 25.35
1.843 12.96 25.35
1.843 12.96 25.35
1.841 12.97 25.35
1.84 12.97 25.35
1.84 12.98 25.35
1.839 12.98 25.35
1.84 12.98 25.35
1.84 12.98 25.35
1.84 12.98 25.35
1.84 12.97 25.35
1.84 12.98 25.35
1.84 12.99 25.35
1.84 12.99 25.35
1.84 12.99 25.35
1.84 12.99 25.35
1.839 13 25.35
1.839 13 25.35
1.838 13 25.35
1.838 13.01 25.35
1.838 13.01 25.35
1.837 13.01 25.35
1.837 13.01 25.35
1.836 13.02 25.35
1.836 13.02 25.35
1.835 13.04 25.35
1.834 13.05 25.35
1.832 13.06 25.35
1.83 13.06 25.35
1.829 13.07 25.35
1.828 13.08 25.35
1.827 13.09 25.35
1.825 13.11 25.35
1.824 13.11 25.35
1.823 13.11 25.35
1.822 13.13 25.35
1.821 13.15 25.35
1.82 13.15 25.35
1.819 13.16 25.35
1.818 13.16 25.35
1.817 13.17 25.35
1.817 13.17 25.35
1.816 13.17 25.35
1.815 13.17 25.35
1.814 13.19 25.35
1.814 13.2 25.35
1.814 13.19 25.35
1.814 13.2 25.35
1.813 13.21 25.35
1.813 13.21 25.35
1.813 13.21 25.35
1.812 13.21 25.35
1.811 13.22 25.35
1.81 13.23 25.35
1.81 13.24 25.35
1.809 13.24 25.35
1.808 13.25 25.35
1.807 13.26 25.35
1.805 13.26 25.35
1.804 13.27 25.35
1.802 13.29 25.35
1.802 13.3 25.35
1.801 13.31 25.35
1.8 13.31 25.35
1.799 13.32 25.35
1.798 13.32 25.35
1.796 13.32 25.35
1.795 13.33 25.35
1.795 13.35 25.35
1.793 13.35 25.35
1.792 13.37 25.35
1.791 13.37 25.35
1.79 13.38 25.35
1.788 13.39 25.35
1.787 13.4 25.35
1.785 13.41 25.35
1.784 13.42 25.35
1.782 13.42 25.35
1.781 13.44 25.35
1.78 13.45 25.35
1.779 13.45 25.35
1.778 13.47 25.35
1.776 13.48 25.35
1.775 13.48 25.35
1.774 13.5 25.35
1.772 13.51 25.35
1.772 13.52 25.35
1.771 13.52 25.35
1.77 13.53 25.35
1.768 13.53 25.35
1.767 13.55 25.35
1.766 13.56 25.35
1.765 13.57 25.35
1.765 13.57 25.35
1.765 13.58 25.35
1.765 13.57 25.35
1.765 13.58 25.35
1.764 13.58 25.35
1.763 13.59 25.35
1.761 13.61 25.35
1.76 13.62 25.35
1.759 13.62 25.35
1.757 13.63 25.35
1.757 13.65 25.35
1.755 13.67 25.35
1.754 13.67 25.35
1.753 13.68 25.35
1.75 13.68 25.35
1.749 13.7 25.35
1.748 13.72 25.35
1.747 13.73 25.35
1.745 13.74 25.35
1.743 13.75 25.35
1.741 13.78 25.35
1.738 13.8 25.35
1.735 13.82 25.35
1.733 13.84 25.35
1.731 13.87 25.35
1.729 13.88 25.35
1.728 13.89 25.35
1.728 13.89 25.35
1.727 13.89 25.35
1.727 13.9 25.34
1.726 13.9 25.34
1.726 13.9 25.34
1.725 13.9 25.35
1.725 13.9 25.34
1.725 13.91 25.34
1.723 13.92 25.34
1.722 13.93 25.34
1.72 13.94 25.35
1.719 13.95 25.34
1.719 13.96 25.34
1.719 13.95 25.34
1.718 13.96 25.34
1.718 13.96 25.34
1.716 13.98 25.34
1.714 13.99 25.34
1.712 14.01 25.34
1.71 14.03 25.34
1.709 14.04 25.34
1.708 14.05 25.34
1.708 14.05 25.34
1.707 14.05 25.34
1.706 14.06 25.34
1.705 14.08 25.34
1.704 14.08 25.34
1.704 14.09 25.34
1.703 14.1 25.34
1.702 14.11 25.34
1.701 14.11 25.34
1.701 14.12 25.34
1.7 14.13 25.34
1.699 14.15 25.34
1.697 14.15 25.34
1.696 14.15 25.34
1.695 14.16 25.34
1.694 14.18 25.34
1.693 14.19 25.34
1.692 14.19 25.34
1.692 14.2 25.34
1.691 14.2 25.34
1.69 14.22 25.34
1.689 14.23 25.34
1.687 14.24 25.34
1.685 14.26 25.34
1.683 14.28 25.34
1.681 14.29 25.34
1.68 14.3 25.34
1.679 14.3 25.34
1.678 14.32 25.34
1.678 14.33 25.34
1.677 14.33 25.34
1.676 14.34 25.34
1.675 14.34 25.34
1.675 14.34 25.34
1.675 14.34 25.34
1.674 14.35 25.34
1.673 14.35 25.34
1.671 14.37 25.34
1.67 14.39 25.34
1.668 14.4 25.34
1.667 14.43 25.34
1.665 14.43 25.34
1.664 14.44 25.34
1.663 14.45 25.34
1.662 14.46 25.34
1.662 14.46 25.34
1.661 14.47 25.34
1.659 14.49 25.34
1.658 14.5 25.34
1.656 14.53 25.34
1.654 14.53 25.34
1.653 14.55 25.34
1.652 14.56 25.34
1.651 14.57 25.34
1.65 14.57 25.34
1.649 14.58 25.34
1.648 14.6 25.34
1.647 14.61 25.34
1.645 14.61 25.34
1.645 14.62 25.34
1.644 14.63 25.34
1.644 14.64 25.34
1.643 14.65 25.34
1.643 14.65 25.34
1.642 14.66 25.34
1.64 14.67 25.34
1.639 14.68 25.34
1.637 14.7 25.34
1.635 14.72 25.34
1.633 14.75 25.34
1.632 14.75 25.34
1.631 14.76 25.34
1.631 14.77 25.34
1.63 14.77 25.34
1.629 14.77 25.34
1.628 14.79 25.34
1.628 14.8 25.34
1.627 14.8 25.34
1.627 14.8 25.34
1.626 14.81 25.34
1.626 14.8 25.34
1.626 14.81 25.34
1.625 14.81 25.34
1.625 14.82 25.34
1.624 14.82 25.34
1.624 14.83 25.34
1.623 14.86 25.34
1.621 14.86 25.34
1.619 14.87 25.34
1.619 14.88 25.34
1.618 14.89 25.34
1.617 14.9 25.34
1.616 14.91 25.34
1.614 14.92 25.34
1.612 14.94 25.34
1.609 14.96 25.34
1.607 14.97 25.34
1.605 14.99 25.34
1.604 14.99 25.34
1.603 15 25.34
1.602 15.01 25.34
1.602 15.02 25.34
1.602 15.02 25.34
1.601 15.03 25.34
1.601 15.03 25.34
1.601 15.04 25.34
1.6 15.04 25.34
1.599 15.05 25.34
1.598 15.07 25.34
1.597 15.08 25.34
1.595 15.09 25.34
1.594 15.1 25.34
1.594 15.11 25.34
1.594 15.11 25.34
1.594 15.11 25.34
1.594 15.11 25.34
1.594 15.11 25.34
1.593 15.12 25.34
1.593 15.12 25.34
1.592 15.13 25.34
1.59 15.15 25.34
1.589 15.15 25.34
1.588 15.16 25.34
1.587 15.18 25.34
1.587 15.18 25.34
1.587 15.18 25.34
1.587 15.18 25.34
1.586 15.19 25.34
1.586 15.19 25.34
1.585 15.2 25.34
1.584 15.2 25.34
1.583 15.22 25.34
1.581 15.24 25.34
1.58 15.25 25.34
1.579 15.27 25.34
1.578 15.28 25.34
1.577 15.29 25.34
1.576 15.3 25.34
1.575 15.31 25.34
1.574 15.32 25.34
1.573 15.33 25.34
1.572 15.34 25.34
1.571 15.36 25.34
1.57 15.36 25.34
1.569 15.37 25.34
1.569 15.37 25.34
1.569 15.37 25.34
1.569 15.38 25.34
1.567 15.39 25.34
1.567 15.39 25.34
1.566 15.4 25.34
1.565 15.4 25.34
1.562 15.42 25.34
1.559 15.44 25.34
1.557 15.46 25.34
1.555 15.47 25.34
1.553 15.49 25.34
1.552 15.5 25.34
1.551 15.51 25.34
1.55 15.51 25.34
1.55 15.51 25.34
1.55 15.52 25.34
1.55 15.53 25.34
1.549 15.53 25.34
1.549 15.53 25.34
1.548 15.55 25.34
1.548 15.55 25.34
1.548 15.55 25.34
1.547 15.56 25.34
1.546 15.57 25.34
1.545 15.58 25.34
1.544 15.59 25.34
1.543 15.6 25.34
1.542 15.6 25.34
1.541 15.62 25.34
1.54 15.63 25.34
1.539 15.64 25.34
1.539 15.65 25.34
1.539 15.65 25.34
1.538 15.65 25.34
1.538 15.66 25.34
1.537 15.66 25.34
1.537 15.67 25.34
1.537 15.67 25.34
1.536 15.68 25.34
1.535 15.69 25.34
1.534 15.7 25.34
1.533 15.71 25.34
1.532 15.72 25.34
1.531 15.73 25.34
1.53 15.74 25.34
1.529 15.75 25.34
1.529 15.77 25.34
1.528 15.77 25.34
1.528 15.78 25.34
1.528 15.79 25.34
1.527 15.8 25.34
1.527 15.81 25.34
1.526 15.81 25.34
1.525 15.83 25.34
1.525 15.84 25.34
1.523 15.85 25.34
1.522 15.86 25.34
1.521 15.87 25.34
1.52 15.87 25.34
1.518 15.87 25.34
1.517 15.89 25.34
1.516 15.9 25.34
1.515 15.9 25.34
1.514 15.91 25.34
1.514 15.91 25.34
1.514 15.92 25.34
1.513 15.93 25.34
1.513 15.93 25.34
1.512 15.94 25.34
1.511 15.96 25.34
1.51 15.97 25.34
1.509 15.98 25.34
1.507 15.99 25.34
1.507 15.99 25.34
1.506 15.99 25.34
1.506 16 25.34
1.505 16.02 25.34
1.504 16.04 25.34
1.504 16.04 25.34
1.503 16.04 25.34
1.502 16.05 25.34
1.501 16.05 25.34
1.501 16.07 25.34
1.5 16.08 25.34
1.5 16.09 25.34
1.499 16.09 25.34
1.498 16.1 25.34
1.497 16.11 25.34
1.496 16.13 25.34
1.494 16.15 25.34
1.493 16.17 25.34
1.491 16.18 25.34
1.49 16.21 25.34
1.488 16.23 25.34
1.486 16.25 25.34
1.485 16.27 25.34
1.484 16.28 25.34
1.483 16.29 25.34
1.482 16.31 25.34
1.481 16.33 25.34
1.48 16.33 25.34
1.479 16.34 25.34
1.478 16.36 25.34
1.477 16.38 25.34
1.475 16.38 25.34
1.475 16.39 25.34
1.474 16.41 25.34
1.473 16.42 25.34
1.472 16.43 25.34
1.471 16.44 25.34
1.47 16.46 25.34
1.468 16.47 25.34
1.467 16.48 25.34
1.466 16.49 25.34
1.465 16.5 25.34
1.465 16.51 25.34
1.464 16.52 25.34
1.462 16.54 25.34
1.461 16.56 25.34
1.459 16.58 25.34
1.457 16.6 25.34
1.455 16.61 25.34
1.454 16.62 25.34
1.454 16.64 25.34
1.453 16.65 25.34
1.452 16.66 25.34
1.451 16.67 25.34
1.45 16.67 25.34
1.45 16.68 25.34
1.449 16.69 25.34
1.449 16.69 25.34
1.449 16.7 25.34
1.449 16.7 25.34
1.449 16.71 25.34
1.448 16.71 25.34
1.448 16.72 25.34
1.448 16.72 25.34
1.447 16.73 25.34
1.446 16.73 25.34
1.446 16.74 25.34
1.446 16.74 25.34
1.445 16.75 25.34
1.445 16.76 25.34
1.444 16.77 25.34
1.443 16.77 25.34
1.443 16.78 25.34
1.442 16.79 25.34
1.441 16.8 25.34
1.439 16.82 25.34
1.438 16.83 25.34
1.437 16.84 25.34
1.436 16.85 25.34
1.436 16.86 25.34
1.435 16.87 25.34
1.435 16.87 25.34
1.435 16.87 25.34
1.434 16.88 25.34
1.434 16.89 25.34
1.433 16.9 25.34
1.432 16.9 25.34
1.432 16.91 25.34
1.431 16.92 25.34
1.431 16.94 25.34
1.43 16.94 25.34
1.43 16.94 25.34
1.429 16.95 25.34
1.429 16.96 25.34
1.428 16.96 25.34
1.428 16.97 25.34
1.427 16.98 25.34
1.426 16.99 25.34
1.424 17.01 25.34
1.423 17.03 25.34
1.422 17.04 25.34
1.421 17.06 25.34
1.42 17.07 25.34
1.419 17.08 25.34
1.417 17.1 25.34
1.417 17.11 25.34
1.416 17.11 25.34
1.416 17.12 25.34
1.415 17.13 25.34
1.414 17.14 25.34
1.414 17.14 25.34
1.413 17.15 25.34
1.412 17.16 25.34
1.412 17.17 25.34
1.411 17.18 25.34
1.41 17.19 25.34
1.41 17.19 25.34
1.409 17.2 25.34
1.408 17.21 25.34
1.408 17.22 25.34
1.407 17.23 25.34
1.406 17.24 25.34
1.405 17.25 25.34
1.404 17.26 25.34
1.404 17.27 25.34
1.404 17.27 25.34
1.403 17.28 25.34
1.403 17.28 25.34
1.402 17.29 25.34
1.402 17.3 25.34
1.402 17.31 25.34
1.401 17.32 25.34
1.4 17.33 25.34
1.399 17.34 25.34
1.398 17.35 25.34
1.398 17.36 25.34
1.397 17.37 25.34
1.397 17.37 25.34
1.396 17.38 25.34
1.395 17.4 25.34
1.394 17.41 25.34
1.393 17.42 25.34
1.392 17.43 25.34
1.392 17.43 25.34
1.391 17.44 25.34
1.391 17.45 25.34
1.39 17.46 25.34
1.39 17.47 25.34
1.389 17.47 25.34
1.389 17.48 25.34
1.388 17.49 25.34
1.388 17.49 25.34
1.387 17.5 25.34
1.387 17.51 25.34
1.386 17.51 25.34
1.385 17.52 25.34
1.385 17.53 25.34
1.384 17.53 25.34
1.383 17.54 25.34
1.383 17.55 25.34
1.383 17.56 25.34
1.382 17.57 25.34
1.381 17.58 25.34
1.381 17.58 25.34
1.38 17.59 25.34
1.38 17.6 25.34
1.379 17.6 25.34
1.379 17.61 25.34
1.378 17.62 25.34
1.377 17.62 25.34
1.377 17.63 25.34
1.376 17.64 25.34
1.376 17.64 25.34
1.375 17.65 25.34
1.375 17.66 25.34
1.374 17.67 25.34
1.373 17.68 25.34
1.372 17.69 25.34
1.371 17.71 25.34
1.369 17.72 25.34
1.368 17.74 25.34
1.367 17.76 25.34
1.366 17.77 25.34
1.365 17.78 25.34
1.365 17.78 25.34
1.364 17.79 25.34
1.364 17.8 25.34
1.363 17.81 25.34
1.362 17.82 25.34
1.361 17.84 25.34
1.36 17.85 25.34
1.359 17.86 25.34
1.358 17.88 25.34
1.357 17.89 25.34
1.356 17.9 25.34
1.356 17.91 25.34
1.355 17.92 25.34
1.354 17.93 25.34
1.353 17.95 25.34
1.353 17.96 25.34
1.352 17.96 25.34
1.352 17.96 25.34
1.351 17.97 25.34
1.351 17.98 25.34
1.35 17.99 25.34
1.349 18 25.34
1.349 18.01 25.33
1.348 18.02 25.34
1.347 18.03 25.33
1.347 18.03 25.34
1.346 18.04 25.33
1.346 18.05 25.33
1.346 18.05 25.33
1.345 18.06 25.34
1.344 18.07 25.33
1.343 18.08 25.34
1.342 18.1 25.33
1.341 18.11 25.33
1.34 18.12 25.33
1.339 18.13 25.33
1.338 18.14 25.33
1.337 18.16 25.33
1.337 18.17 25.33
1.336 18.18 25.33
1.335 18.19 25.33
1.335 18.2 25.33
1.334 18.21 25.33
1.333 18.22 25.33
1.333 18.23 25.33
1.332 18.24 25.33
1.331 18.26 25.33
1.33 18.27 25.33
1.33 18.28 25.33
1.329 18.29 25.33
1.328 18.3 25.33
1.327 18.31 25.33
1.326 18.33 25.33
1.324 18.35 25.33
1.324 18.36 25.33
1.323 18.36 25.33
1.322 18.37 25.33
1.322 18.38 25.33
1.322 18.39 25.33
1.321 18.4 25.33
1.321 18.4 25.33
1.32 18.41 25.33
1.32 18.42 25.33
1.319 18.42 25.33
1.319 18.43 25.33
1.319 18.43 25.33
1.318 18.44 25.33
1.317 18.45 25.33
1.317 18.46 25.33
1.316 18.47 25.33
1.315 18.48 25.33
1.315 18.49 25.33
1.314 18.5 25.33
1.313 18.5 25.33
1.313 18.51 25.33
1.313 18.52 25.33
1.313 18.52 25.33
1.313 18.53 25.33
1.311 18.54 25.33
1.311 18.54 25.33
1.311 18.55 25.33
1.31 18.55 25.33
1.31 18.56 25.33
1.31 18.56 25.33
1.31 18.57 25.33
1.309 18.57 25.33
1.309 18.58 25.33
1.308 18.59 25.33
1.307 18.6 25.33
1.306 18.61 25.33
1.306 18.62 25.33
1.305 18.63 25.33
1.305 18.63 25.33
1.304 18.64 25.33
1.303 18.66 25.33
1.303 18.67 25.33
1.302 18.68 25.33
1.301 18.69 25.33
1.301 18.7 25.33
1.3 18.71 25.33
1.299 18.72 25.33
1.298 18.73 25.33
1.298 18.74 25.33
1.297 18.75 25.33
1.296 18.76 25.33
1.295 18.78 25.33
1.294 18.79 25.33
1.294 18.8 25.33
1.293 18.81 25.33
1.292 18.82 25.33
1.291 18.84 25.33
1.291 18.84 25.33
1.29 18.85 25.33
1.289 18.87 25.33
1.288 18.88 25.33
1.287 18.89 25.33
1.287 18.91 25.33
1.285 18.92 25.33
1.284 18.94 25.33
1.283 18.96 25.33
1.282 18.97 25.33
1.281 18.98 25.33
1.281 18.99 25.33
1.28 19 25.33
1.279 19.01 25.33
1.278 19.02 25.33
1.277 19.04 25.33
1.277 19.06 25.33
1.276 19.06 25.33
1.276 19.06 25.33
1.276 19.07 25.33
1.276 19.07 25.33
1.275 19.08 25.33
1.275 19.09 25.33
1.275 19.09 25.33
1.275 19.09 25.33
1.274 19.1 25.33
1.274 19.1 25.33
1.273 19.11 25.33
1.272 19.12 25.33
1.271 19.14 25.33
1.271 19.15 25.33
1.27 19.16 25.33
1.27 19.16 25.33
1.27 19.16 25.33
1.27 19.17 25.33
1.269 19.17 25.33
1.269 19.18 25.33
1.269 19.19 25.33
1.269 19.19 25.33
1.268 19.2 25.33
1.268 19.21 25.33
1.266 19.22 25.33
1.265 19.24 25.33
1.264 19.25 25.33
1.264 19.26 25.33
1.263 19.28 25.33
1.262 19.29 25.33
1.261 19.31 25.33
1.26 19.32 25.33
1.26 19.33 25.33
1.259 19.34 25.33
1.258 19.35 25.33
1.257 19.37 25.33
1.257 19.38 25.33
1.256 19.39 25.33
1.256 19.4 25.33
1.255 19.4 25.33
1.255 19.41 25.33
1.254 19.42 25.33
1.254 19.44 25.33
1.253 19.45 25.33
1.252 19.46 25.33
1.251 19.47 25.33
1.251 19.47 25.33
1.251 19.48 25.33
1.25 19.49 25.33
1.25 19.5 25.33
1.25 19.5 25.33
1.249 19.5 25.33
1.248 19.51 25.33
1.248 19.52 25.33
1.247 19.53 25.33
1.247 19.54 25.33
1.247 19.55 25.33
1.246 19.57 25.33
1.245 19.58 25.33
1.244 19.59 25.33
1.244 19.59 25.33
1.243 19.61 25.33
1.243 19.62 25.33
1.242 19.62 25.33
1.242 19.63 25.33
1.241 19.64 25.33
1.241 19.65 25.33
1.24 19.66 25.33
1.24 19.67 25.33
1.239 19.68 25.33
1.239 19.68 25.33
1.238 19.69 25.33
1.238 19.69 25.33
1.237 19.7 25.33
1.237 19.7 25.33
1.237 19.72 25.33
1.236 19.72 25.33
1.236 19.73 25.33
1.235 19.74 25.33
1.234 19.75 25.33
1.234 19.76 25.33
1.233 19.78 25.33
1.232 19.79 25.33
1.232 19.79 25.33
1.232 19.8 25.33
1.231 19.81 25.33
1.231 19.81 25.33
1.23 19.82 25.33
1.23 19.83 25.33
1.23 19.84 25.33
1.229 19.84 25.33
1.229 19.85 25.33
1.229 19.85 25.33
1.228 19.86 25.33
1.227 19.87 25.33
1.227 19.88 25.33
1.226 19.9 25.33
1.225 19.91 25.33
1.225 19.91 25.33
1.225 19.91 25.33
1.224 19.92 25.33
1.223 19.94 25.33
1.221 19.96 25.33
1.221 19.97 25.33
1.22 19.98 25.33
1.219 19.99 25.33
1.219 20 25.33
1.218 20.01 25.33
1.218 20.02 25.33
1.218 20.03 25.33
1.217 20.04 25.33
1.217 20.04 25.33
1.217 20.05 25.33
1.216 20.06 25.33
1.215 20.07 25.33
1.215 20.08 25.33
1.214 20.09 25.33
1.214 20.1 25.33
1.213 20.11 25.33
1.213 20.12 25.33
1.212 20.13 25.33
1.211 20.14 25.33
1.21 20.16 25.33
1.21 20.17 25.33
1.209 20.18 25.33
1.209 20.19 25.33
1.208 20.2 25.33
1.208 20.21 25.33
1.207 20.22 25.33
1.206 20.23 25.33
1.206 20.25 25.33
1.205 20.26 25.33
1.204 20.28 25.33
1.203 20.29 25.33
1.203 20.3 25.33
1.202 20.3 25.33
1.202 20.32 25.33
1.202 20.32 25.33
1.201 20.33 25.33
1.201 20.34 25.33
1.201 20.34 25.33
1.2 20.35 25.33
1.2 20.36 25.33
1.199 20.36 25.33
1.199 20.37 25.33
1.198 20.38 25.33
1.197 20.4 25.33
1.197 20.41 25.33
1.197 20.41 25.33
1.196 20.41 25.33
1.196 20.42 25.33
1.195 20.43 25.33
1.195 20.44 25.33
1.194 20.45 25.33
1.193 20.46 25.33
1.193 20.47 25.33
1.192 20.49 25.33
1.191 20.5 25.33
1.19 20.51 25.33
1.19 20.53 25.33
1.189 20.54 25.33
1.188 20.55 25.33
1.188 20.56 25.33
1.187 20.58 25.33
1.187 20.59 25.33
1.186 20.6 25.33
1.185 20.61 25.33
1.184 20.63 25.33
1.184 20.64 25.33
1.183 20.65 25.33
1.182 20.67 25.33
1.181 20.68 25.33
1.181 20.7 25.33
1.18 20.71 25.33
1.179 20.73 25.33
1.178 20.74 25.33
1.178 20.75 25.33
1.177 20.76 25.33
1.177 20.76 25.33
1.176 20.77 25.33
1.176 20.77 25.33
1.176 20.78 25.33
1.176 20.78 25.33
1.175 20.8 25.33
1.175 20.81 25.33
1.174 20.81 25.33
1.173 20.83 25.33
1.173 20.84 25.33
1.172 20.85 25.33
1.172 20.85 25.33
1.172 20.87 25.33
1.171 20.87 25.33
1.171 20.87 25.33
1.171 20.87 25.33
1.171 20.88 25.33
1.17 20.89 25.33
1.169 20.91 25.33
1.169 20.92 25.33
1.168 20.93 25.33
1.168 20.94 25.33
1.167 20.95 25.33
1.166 20.96 25.33
1.166 20.97 25.33
1.166 20.98 25.33
1.165 20.99 25.33
1.165 21 25.33
1.164 21.01 25.33
1.164 21.02 25.33
1.163 21.03 25.33
1.163 21.04 25.33
1.162 21.05 25.33
1.161 21.06 25.33
1.161 21.06 25.33
1.161 21.07 25.33
1.16 21.08 25.33
1.159 21.09 25.33
1.159 21.09 25.33
1.159 21.1 25.33
1.158 21.11 25.33
1.158 21.12 25.33
1.158 21.13 25.33
1.157 21.14 25.33
1.157 21.15 25.33
1.156 21.16 25.33
1.155 21.18 25.33
1.154 21.19 25.33
1.154 21.2 25.33
1.153 21.21 25.33
1.153 21.22 25.33
1.152 21.24 25.33
1.152 21.24 25.33
1.151 21.25 25.33
1.151 21.26 25.33
1.151 21.26 25.33
1.15 21.27 25.33
1.15 21.28 25.33
1.15 21.28 25.33
1.149 21.29 25.33
1.149 21.3 25.33
1.148 21.31 25.33
1.148 21.32 25.33
1.147 21.32 25.33
1.147 21.33 25.33
1.146 21.34 25.33
1.146 21.35 25.33
1.145 21.36 25.33
1.145 21.37 25.33
1.144 21.38 25.33
1.144 21.38 25.33
1.144 21.38 25.33
1.144 21.38 25.33
1.143 21.39 25.33
1.143 21.4 25.33
1.143 21.41 25.33
1.143 21.42 25.33
1.142 21.43 25.33
1.142 21.43 25.33
1.141 21.44 25.33
1.141 21.45 25.33
1.14 21.46 25.33
1.14 21.47 25.33
1.139 21.48 25.33
1.139 21.49 25.33
1.138 21.5 25.33
1.138 21.51 25.33
1.137 21.52 25.33
1.137 21.53 25.33
1.136 21.54 25.33
1.136 21.55 25.33
1.135 21.57 25.33
1.134 21.58 25.33
1.134 21.59 25.33
1.133 21.6 25.33
1.133 21.6 25.33
1.133 21.62 25.33
1.132 21.63 25.33
1.131 21.65 25.33
1.13 21.66 25.33
1.129 21.68 25.33
1.128 21.7 25.33
1.127 21.72 25.33
1.126 21.73 25.33
1.126 21.75 25.33
1.125 21.76 25.33
1.125 21.77 25.33
1.124 21.78 25.33
1.124 21.8 25.33
1.123 21.81 25.33
1.122 21.83 25.33
1.122 21.84 25.33
1.121 21.85 25.33
1.121 21.85 25.33
1.121 21.86 25.33
1.12 21.87 25.33
1.12 21.87 25.33
1.12 21.87 25.33
1.12 21.88 25.33
1.12 21.89 25.33
1.119 21.89 25.33
1.119 21.9 25.33
1.119 21.91 25.33
1.118 21.92 25.33
1.118 21.92 25.33
1.118 21.93 25.33
1.117 21.93 25.33
1.117 21.94 25.33
1.117 21.95 25.33
1.116 21.96 25.33
1.116 21.97 25.33
1.115 21.97 25.33
1.115 21.99 25.33
1.114 22 25.33
1.113 22.01 25.33
1.113 22.02 25.33
1.112 22.03 25.33
1.112 22.04 25.33
1.111 22.06 25.33
1.111 22.07 25.33
1.11 22.08 25.33
1.109 22.1 25.33
1.108 22.12 25.33
1.107 22.14 25.33
1.106 22.15 25.33
1.105 22.17 25.33
1.105 22.19 25.33
