3.707 6.31 35.28
3.701 6.32 35.28
3.696 6.34 35.28
3.692 6.35 35.27
3.688 6.36 35.27
3.683 6.37 35.27
3.678 6.38 35.27
3.673 6.39 35.27
3.667 6.4 35.27
3.663 6.42 35.27
3.661 6.42 35.27
3.659 6.42 35.27
3.656 6.42 35.27
3.653 6.43 35.27
3.649 6.44 35.27
3.646 6.44 35.27
3.644 6.45 35.27
3.643 6.45 35.27
3.64 6.46 35.27
3.636 6.47 35.27
3.632 6.47 35.27
3.629 6.47 35.27
3.627 6.47 35.27
3.62 6.49 35.27
3.611 6.51 35.27
3.606 6.52 35.27
3.6 6.53 35.27
3.593 6.54 35.27
3.588 6.55 35.27
3.583 6.55 35.27
3.578 6.57 35.27
3.575 6.58 35.27
3.573 6.58 35.27
3.569 6.58 35.27
3.565 6.59 35.27
3.559 6.6 35.27
3.553 6.62 35.27
3.548 6.62 35.27
3.543 6.63 35.27
3.539 6.63 35.27
3.534 6.66 35.27
3.528 6.66 35.27
3.522 6.67 35.27
3.515 6.69 35.27
3.506 6.71 35.27
3.5 6.73 35.27
3.497 6.73 35.27
3.493 6.73 35.27
3.487 6.74 35.27
3.483 6.75 35.27
3.479 6.76 35.27
3.475 6.78 35.27
3.471 6.78 35.27
3.467 6.79 35.27
3.464 6.8 35.27
3.461 6.81 35.27
3.458 6.82 35.27
3.456 6.82 35.27
3.453 6.83 35.27
3.449 6.83 35.27
3.445 6.84 35.27
3.44 6.85 35.27
3.434 6.87 35.27
3.429 6.89 35.27
3.423 6.9 35.27
3.418 6.91 35.27
3.412 6.93 35.27
3.405 6.94 35.27
3.4 6.95 35.27
3.393 6.97 35.27
3.387 6.98 35.27
3.379 6.99 35.27
3.37 7.02 35.27
3.364 7.03 35.27
3.36 7.05 35.27
3.357 7.05 35.27
3.355 7.07 35.27
3.353 7.06 35.27
3.349 7.07 35.27
3.344 7.09 35.27
3.337 7.1 35.27
3.331 7.11 35.27
3.327 7.13 35.27
3.323 7.14 35.27
3.317 7.15 35.27
3.31 7.16 35.27
3.302 7.18 35.27
3.295 7.18 35.27
3.288 7.2 35.27
3.281 7.22 35.27
3.278 7.23 35.27
3.274 7.23 35.27
3.269 7.25 35.27
3.265 7.26 35.27
3.262 7.27 35.27
3.258 7.28 35.27
3.254 7.29 35.27
3.251 7.29 35.27
3.248 7.3 35.27
3.245 7.31 35.27
3.241 7.32 35.27
3.235 7.34 35.27
3.23 7.34 35.27
3.226 7.36 35.27
3.223 7.37 35.27
3.219 7.39 35.27
3.215 7.4 35.27
3.211 7.41 35.27
3.207 7.42 35.27
3.205 7.43 35.27
3.201 7.44 35.27
3.194 7.45 35.27
3.191 7.46 35.27
3.19 7.47 35.27
3.186 7.48 35.27
3.18 7.49 35.27
3.172 7.51 35.27
3.167 7.53 35.27
3.162 7.54 35.27
3.158 7.54 35.27
3.154 7.56 35.27
3.151 7.57 35.26
3.147 7.58 35.27
3.144 7.59 35.27
3.142 7.59 35.26
3.142 7.6 35.26
3.138 7.6 35.26
3.133 7.61 35.26
3.13 7.62 35.26
3.127 7.62 35.26
3.123 7.63 35.26
3.119 7.64 35.26
3.114 7.65 35.26
3.105 7.67 35.26
3.094 7.7 35.26
3.088 7.72 35.26
3.086 7.72 35.26
3.08 7.74 35.26
3.07 7.76 35.26
3.059 7.79 35.26
3.048 7.81 35.26
3.034 7.85 35.26
3.022 7.89 35.26
3.019 7.9 35.26
3.02 7.9 35.26
3.018 7.91 35.26
3.011 7.93 35.26
3.005 7.95 35.26
3.004 7.96 35.26
3.004 7.95 35.26
3.002 7.96 35.26
2.999 7.97 35.26
2.999 7.97 35.26
2.999 7.98 35.26
2.999 7.98 35.26
2.998 7.98 35.26
2.994 7.99 35.26
2.988 8 35.26
2.985 8.01 35.26
2.983 8.02 35.26
2.983 8.01 35.26
2.984 8.01 35.26
2.984 8.02 35.26
2.984 8.02 35.26
2.985 8.02 35.26
2.985 8.02 35.26
2.984 8.03 35.26
2.982 8.03 35.26
2.98 8.03 35.26
2.978 8.04 35.26
2.977 8.05 35.26
2.975 8.05 35.26
2.97 8.06 35.26
2.965 8.07 35.26
2.961 8.09 35.26
2.958 8.09 35.26
2.954 8.1 35.26
2.951 8.11 35.26
2.947 8.11 35.26
2.945 8.12 35.26
2.945 8.12 35.26
2.944 8.13 35.26
2.939 8.15 35.26
2.931 8.16 35.26
2.93 8.17 35.26
2.931 8.17 35.26
2.931 8.16 35.26
2.93 8.17 35.26
2.925 8.2 35.26
2.92 8.2 35.26
2.915 8.21 35.26
2.909 8.23 35.26
2.906 8.24 35.26
2.905 8.25 35.26
2.903 8.25 35.26
2.9 8.26 35.26
2.896 8.28 35.26
2.893 8.28 35.26
2.889 8.3 35.26
2.886 8.31 35.26
2.883 8.31 35.26
2.879 8.32 35.26
2.876 8.34 35.26
2.873 8.35 35.26
2.87 8.36 35.26
2.867 8.36 35.26
2.864 8.37 35.26
2.86 8.39 35.26
2.859 8.4 35.26
2.856 8.4 35.26
2.853 8.41 35.26
2.85 8.42 35.26
2.849 8.42 35.26
2.849 8.42 35.26
2.848 8.43 35.26
2.842 8.44 35.26
2.841 8.45 35.26
2.839 8.45 35.26
2.838 8.45 35.26
2.838 8.46 35.26
2.835 8.46 35.26
2.832 8.47 35.26
2.83 8.49 35.26
2.827 8.49 35.26
2.823 8.5 35.26
2.819 8.51 35.26
2.817 8.52 35.26
2.814 8.54 35.26
2.81 8.55 35.26
2.806 8.56 35.26
2.803 8.57 35.26
2.8 8.58 35.26
2.798 8.58 35.26
2.795 8.59 35.26
2.792 8.6 35.26
2.788 8.61 35.26
2.786 8.62 35.26
2.785 8.62 35.25
2.781 8.64 35.26
2.779 8.64 35.26
2.779 8.64 35.25
2.778 8.65 35.25
2.776 8.66 35.25
2.774 8.66 35.25
2.774 8.67 35.25
2.772 8.67 35.25
2.766 8.69 35.25
2.764 8.7 35.25
2.763 8.71 35.25
2.762 8.71 35.25
2.762 8.71 35.25
2.759 8.72 35.25
2.757 8.72 35.25
2.754 8.73 35.25
2.751 8.75 35.25
2.749 8.75 35.25
2.746 8.76 35.25
2.744 8.76 35.25
2.742 8.77 35.25
2.739 8.79 35.25
2.736 8.8 35.25
2.732 8.81 35.25
2.729 8.81 35.25
2.725 8.82 35.25
2.722 8.83 35.25
2.718 8.85 35.25
2.714 8.86 35.25
2.71 8.88 35.25
2.707 8.89 35.25
2.707 8.89 35.25
2.706 8.9 35.25
2.701 8.91 35.25
2.699 8.91 35.25
2.697 8.92 35.25
2.693 8.93 35.25
2.691 8.93 35.25
2.689 8.95 35.25
2.687 8.96 35.25
2.684 8.97 35.25
2.681 8.99 35.25
2.678 9 35.25
2.673 9.01 35.25
2.669 9.03 35.25
2.665 9.05 35.25
2.662 9.05 35.25
2.661 9.06 35.25
2.661 9.06 35.25
2.658 9.08 35.25
2.654 9.09 35.25
2.652 9.09 35.25
2.649 9.1 35.25
2.648 9.11 35.25
2.649 9.11 35.25
2.649 9.11 35.25
2.649 9.11 35.25
2.649 9.11 35.25
2.649 9.11 35.25
2.646 9.12 35.25
2.642 9.13 35.25
2.641 9.14 35.25
2.641 9.14 35.25
2.64 9.15 35.25
2.638 9.15 35.25
2.634 9.16 35.25
2.63 9.17 35.25
2.628 9.19 35.25
2.627 9.19 35.25
2.626 9.2 35.25
2.622 9.21 35.25
2.618 9.21 35.25
2.616 9.22 35.25
2.613 9.24 35.25
2.612 9.25 35.25
2.609 9.25 35.25
2.605 9.26 35.25
2.604 9.27 35.25
2.602 9.27 35.25
2.6 9.28 35.25
2.595 9.3 35.25
2.59 9.32 35.25
2.589 9.32 35.25
2.589 9.32 35.25
2.587 9.33 35.25
2.584 9.35 35.25
2.582 9.36 35.25
2.579 9.36 35.25
2.576 9.38 35.25
2.574 9.38 35.25
2.572 9.39 35.25
2.568 9.41 35.25
2.565 9.42 35.25
2.561 9.42 35.25
2.558 9.44 35.25
2.555 9.45 35.25
2.554 9.46 35.25
2.553 9.47 35.25
2.552 9.47 35.25
2.549 9.48 35.25
2.546 9.49 35.25
2.544 9.5 35.25
2.544 9.51 35.25
2.541 9.52 35.25
2.537 9.53 35.25
2.536 9.54 35.25
2.534 9.54 35.25
2.533 9.55 35.25
2.53 9.56 35.25
2.525 9.58 35.25
2.522 9.59 35.25
2.522 9.59 35.25
2.522 9.59 35.25
2.52 9.6 35.25
2.516 9.62 35.25
2.513 9.64 35.25
2.509 9.64 35.25
2.506 9.66 35.25
2.503 9.68 35.25
2.501 9.69 35.25
2.499 9.68 35.25
2.497 9.69 35.24
2.493 9.71 35.24
2.489 9.73 35.24
2.486 9.74 35.24
2.484 9.75 35.24
2.481 9.76 35.24
2.478 9.77 35.24
2.476 9.79 35.24
2.474 9.79 35.24
2.471 9.8 35.24
2.469 9.81 35.24
2.467 9.82 35.24
2.466 9.83 35.24
2.464 9.83 35.24
2.463 9.85 35.24
2.461 9.85 35.24
2.459 9.85 35.24
2.458 9.86 35.24
2.455 9.87 35.24
2.451 9.89 35.24
2.448 9.9 35.24
2.447 9.92 35.24
2.444 9.93 35.24
2.443 9.94 35.24
2.441 9.94 35.24
2.439 9.94 35.24
2.437 9.95 35.24
2.435 9.96 35.24
2.433 9.97 35.24
2.432 9.98 35.24
2.43 9.98 35.24
2.429 10 35.24
2.427 10 35.24
2.425 10.01 35.24
2.422 10.01 35.24
2.42 10.02 35.24
2.419 10.03 35.24
2.42 10.03 35.24
2.419 10.03 35.24
2.417 10.04 35.24
2.415 10.05 35.24
2.413 10.06 35.24
2.412 10.06 35.24
2.411 10.07 35.24
2.409 10.07 35.24
2.407 10.08 35.24
2.406 10.08 35.24
2.404 10.1 35.24
2.401 10.11 35.24
2.398 10.13 35.24
2.394 10.15 35.24
2.39 10.15 35.24
2.388 10.16 35.24
2.386 10.16 35.24
2.383 10.18 35.24
2.379 10.2 35.24
2.377 10.21 35.24
2.374 10.22 35.24
2.371 10.23 35.24
2.368 10.25 35.24
2.364 10.26 35.24
2.36 10.29 35.24
2.359 10.3 35.24
2.357 10.3 35.24
2.354 10.31 35.24
2.352 10.32 35.24
2.349 10.34 35.24
2.348 10.34 35.24
2.347 10.34 35.24
2.348 10.35 35.24
2.347 10.35 35.24
2.345 10.36 35.24
2.343 10.37 35.24
2.342 10.38 35.24
2.34 10.39 35.24
2.337 10.4 35.24
2.335 10.4 35.24
2.333 10.41 35.24
2.332 10.41 35.24
2.331 10.43 35.24
2.329 10.44 35.24
2.327 10.44 35.24
2.325 10.45 35.24
2.323 10.46 35.24
2.32 10.48 35.24
2.317 10.49 35.24
2.314 10.49 35.24
2.312 10.5 35.24
2.312 10.51 35.24
2.309 10.52 35.24
2.305 10.54 35.24
2.304 10.55 35.24
2.302 10.55 35.24
2.301 10.55 35.24
2.299 10.56 35.24
2.298 10.57 35.24
2.297 10.58 35.24
2.295 10.58 35.24
2.293 10.59 35.24
2.292 10.6 35.24
2.29 10.6 35.24
2.289 10.62 35.24
2.287 10.63 35.24
2.285 10.63 35.24
2.283 10.64 35.24
2.281 10.66 35.24
2.28 10.66 35.24
2.279 10.66 35.24
2.277 10.68 35.24
2.275 10.69 35.24
2.273 10.7 35.24
2.27 10.71 35.24
2.267 10.73 35.24
2.264 10.74 35.24
2.261 10.75 35.24
2.258 10.77 35.24
2.255 10.79 35.24
2.253 10.8 35.24
2.25 10.81 35.24
2.246 10.83 35.24
2.245 10.84 35.24
2.243 10.85 35.24
2.242 10.86 35.24
2.239 10.86 35.24
2.236 10.88 35.24
2.233 10.9 35.24
2.231 10.9 35.24
2.229 10.92 35.24
2.227 10.93 35.24
2.226 10.94 35.24
2.223 10.95 35.24
2.221 10.95 35.24
2.22 10.96 35.24
2.219 10.97 35.24
2.218 10.99 35.24
2.214 11 35.23
2.212 11.01 35.24
2.212 11.01 35.24
2.212 11.01 35.24
2.209 11.04 35.23
2.207 11.05 35.23
2.206 11.05 35.23
2.205 11.06 35.23
2.203 11.06 35.23
2.202 11.07 35.23
2.201 11.07 35.23
2.201 11.07 35.23
2.2 11.08 35.23
2.198 11.09 35.23
2.197 11.1 35.23
2.196 11.11 35.23
2.194 11.11 35.23
2.192 11.13 35.23
2.188 11.15 35.23
2.183 11.17 35.23
2.181 11.18 35.23
2.18 11.19 35.23
2.179 11.2 35.23
2.178 11.2 35.23
2.177 11.21 35.23
2.174 11.21 35.23
2.171 11.24 35.23
2.169 11.25 35.23
2.166 11.26 35.23
2.163 11.28 35.23
2.161 11.29 35.23
2.159 11.3 35.23
2.157 11.31 35.23
2.156 11.31 35.23
2.153 11.34 35.23
2.151 11.35 35.23
2.15 11.35 35.23
2.148 11.37 35.23
2.146 11.37 35.23
2.144 11.38 35.23
2.144 11.39 35.23
2.142 11.39 35.23
2.141 11.4 35.23
2.139 11.41 35.23
2.138 11.41 35.23
2.136 11.43 35.23
2.135 11.44 35.23
2.134 11.45 35.23
2.132 11.46 35.23
2.127 11.47 35.23
2.125 11.49 35.23
2.125 11.48 35.23
2.125 11.49 35.23
2.124 11.49 35.23
2.123 11.5 35.23
2.121 11.51 35.23
2.12 11.51 35.23
2.118 11.52 35.23
2.116 11.54 35.23
2.114 11.55 35.23
2.112 11.56 35.23
2.111 11.57 35.23
2.11 11.57 35.23
2.109 11.58 35.23
2.107 11.6 35.23
2.104 11.61 35.23
2.101 11.63 35.23
2.098 11.64 35.23
2.096 11.65 35.23
2.094 11.66 35.23
2.093 11.67 35.23
2.092 11.68 35.23
2.092 11.68 35.23
2.091 11.69 35.23
2.089 11.7 35.23
2.087 11.71 35.23
2.087 11.71 35.23
2.084 11.71 35.23
2.081 11.74 35.23
2.081 11.75 35.23
2.079 11.76 35.23
2.077 11.77 35.23
2.075 11.78 35.23
2.074 11.79 35.23
2.073 11.8 35.23
2.072 11.8 35.23
2.071 11.81 35.23
2.069 11.82 35.23
2.068 11.84 35.23
2.066 11.84 35.23
2.063 11.85 35.23
2.061 11.86 35.23
2.06 11.86 35.23
2.06 11.87 35.23
2.06 11.87 35.23
2.059 11.88 35.23
2.058 11.88 35.23
2.056 11.9 35.23
2.055 11.91 35.23
2.054 11.91 35.23
2.054 11.91 35.23
2.053 11.91 35.23
2.053 11.92 35.23
2.051 11.93 35.23
2.049 11.95 35.23
2.047 11.96 35.23
2.047 11.96 35.23
2.047 11.96 35.23
2.047 11.96 35.23
2.047 11.96 35.23
2.046 11.96 35.23
2.044 11.97 35.23
2.043 11.98 35.23
2.043 11.99 35.23
2.041 11.99 35.23
2.038 12.01 35.23
2.036 12.01 35.23
2.035 12.03 35.23
2.034 12.03 35.23
2.032 12.04 35.23
2.031 12.05 35.23
2.029 12.06 35.23
2.028 12.06 35.23
2.026 12.07 35.23
2.025 12.08 35.23
2.023 12.09 35.23
2.02 12.11 35.23
2.017 12.13 35.23
2.013 12.16 35.23
2.01 12.17 35.23
2.008 12.19 35.23
2.005 12.2 35.23
2.003 12.22 35.23
2.002 12.23 35.23
2.001 12.24 35.23
2 12.25 35.23
1.999 12.25 35.23
1.998 12.26 35.23
1.997 12.27 35.23
1.996 12.28 35.23
1.994 12.28 35.22
1.993 12.29 35.23
1.993 12.3 35.22
1.992 12.3 35.22
1.99 12.32 35.22
1.989 12.33 35.22
1.986 12.34 35.22
1.983 12.36 35.22
1.982 12.37 35.22
1.981 12.38 35.22
1.98 12.38 35.22
1.979 12.39 35.22
1.979 12.39 35.22
1.979 12.39 35.22
1.976 12.41 35.22
1.974 12.42 35.22
1.974 12.43 35.22
1.974 12.42 35.22
1.972 12.43 35.22
1.97 12.44 35.22
1.969 12.46 35.22
1.968 12.47 35.22
1.967 12.48 35.22
1.966 12.48 35.22
1.965 12.48 35.22
1.964 12.49 35.22
1.963 12.5 35.22
1.961 12.51 35.22
1.959 12.53 35.22
1.958 12.54 35.22
1.957 12.54 35.22
1.955 12.55 35.22
1.953 12.57 35.22
1.951 12.59 35.22
1.95 12.59 35.22
1.949 12.6 35.22
1.946 12.62 35.22
1.944 12.64 35.22
1.942 12.65 35.22
1.939 12.66 35.22
1.937 12.68 35.22
1.936 12.68 35.22
1.935 12.69 35.22
1.934 12.7 35.22
1.933 12.7 35.22
1.931 12.7 35.22
1.93 12.71 35.22
1.928 12.74 35.22
1.927 12.75 35.22
1.925 12.76 35.22
1.924 12.77 35.22
1.922 12.78 35.22
1.921 12.79 35.22
1.92 12.8 35.22
1.919 12.81 35.22
1.917 12.82 35.22
1.915 12.83 35.22
1.914 12.84 35.22
1.913 12.85 35.22
1.912 12.85 35.22
1.912 12.86 35.22
1.91 12.86 35.22
1.909 12.87 35.22
1.907 12.89 35.22
1.907 12.9 35.22
1.906 12.9 35.22
1.905 12.9 35.22
1.904 12.91 35.22
1.903 12.91 35.22
1.902 12.92 35.22
1.902 12.93 35.22
1.902 12.93 35.22
1.9 12.94 35.22
1.899 12.95 35.22
1.898 12.96 35.22
1.897 12.96 35.22
1.896 12.97 35.22
1.895 12.97 35.22
1.894 12.98 35.22
1.893 13 35.22
1.892 13.01 35.22
1.891 13 35.22
1.89 13.01 35.22
1.889 13.02 35.22
1.887 13.03 35.22
1.886 13.05 35.22
1.885 13.05 35.22
1.883 13.06 35.22
1.88 13.08 35.22
1.877 13.1 35.22
1.876 13.11 35.22
1.875 13.12 35.22
1.873 13.13 35.22
1.871 13.15 35.22
1.869 13.16 35.22
1.868 13.17 35.22
1.866 13.18 35.22
1.864 13.2 35.22
1.863 13.21 35.22
1.861 13.21 35.22
1.86 13.23 35.22
1.859 13.24 35.22
1.858 13.25 35.22
1.857 13.26 35.22
1.856 13.26 35.22
1.855 13.27 35.22
1.853 13.28 35.22
1.85 13.31 35.22
1.848 13.32 35.22
1.846 13.32 35.22
1.845 13.34 35.22
1.844 13.35 35.22
1.843 13.36 35.22
1.842 13.36 35.22
1.841 13.37 35.22
1.84 13.38 35.22
1.838 13.4 35.22
1.836 13.42 35.22
1.835 13.42 35.22
1.833 13.43 35.22
1.832 13.44 35.22
1.832 13.44 35.22
1.831 13.45 35.22
1.83 13.46 35.22
1.828 13.47 35.22
1.827 13.48 35.22
1.825 13.49 35.22
1.823 13.5 35.22
1.82 13.52 35.21
1.818 13.53 35.21
1.816 13.55 35.21
1.814 13.57 35.21
1.813 13.57 35.21
1.813 13.58 35.21
1.812 13.59 35.21
1.811 13.6 35.21
1.809 13.62 35.21
1.806 13.64 35.21
1.804 13.65 35.21
1.803 13.67 35.21
1.802 13.67 35.21
1.801 13.68 35.21
1.8 13.69 35.21
1.799 13.7 35.21
1.797 13.72 35.21
1.795 13.73 35.21
1.794 13.74 35.21
1.793 13.75 35.21
1.792 13.76 35.21
1.791 13.77 35.21
1.79 13.78 35.21
1.789 13.79 35.21
1.788 13.8 35.21
1.787 13.8 35.21
1.786 13.82 35.21
1.785 13.83 35.21
1.784 13.83 35.21
1.783 13.84 35.21
1.782 13.84 35.21
1.781 13.85 35.21
1.78 13.87 35.21
1.779 13.88 35.21
1.777 13.89 35.21
1.775 13.9 35.21
1.773 13.92 35.21
1.77 13.94 35.21
1.769 13.95 35.21
1.767 13.97 35.21
1.765 13.98 35.21
1.762 14 35.21
1.759 14.03 35.21
1.755 14.05 35.21
1.752 14.08 35.21
1.75 14.09 35.21
1.75 14.1 35.21
1.747 14.13 35.21
1.743 14.15 35.21
1.742 14.16 35.21
1.742 14.16 35.21
1.74 14.18 35.21
1.738 14.19 35.21
1.737 14.21 35.21
1.736 14.22 35.21
1.735 14.23 35.21
1.735 14.24 35.21
1.734 14.25 35.21
1.733 14.25 35.21
1.732 14.26 35.21
1.729 14.29 35.21
1.726 14.31 35.21
1.723 14.33 35.21
1.722 14.34 35.21
1.721 14.34 35.21
1.72 14.35 35.21
1.719 14.35 35.21
1.718 14.38 35.21
1.716 14.39 35.21
1.715 14.4 35.21
1.714 14.42 35.21
1.713 14.42 35.21
1.713 14.44 35.21
1.712 14.45 35.21
1.711 14.45 35.21
1.71 14.46 35.21
1.709 14.47 35.21
1.708 14.47 35.21
1.707 14.49 35.21
1.706 14.49 35.21
1.705 14.5 35.21
1.704 14.52 35.21
1.703 14.53 35.21
1.702 14.54 35.21
1.701 14.55 35.21
1.701 14.55 35.21
1.7 14.55 35.21
1.699 14.56 35.21
1.698 14.57 35.21
1.698 14.58 35.21
1.697 14.58 35.21
1.697 14.58 35.21
1.697 14.59 35.21
1.696 14.6 35.21
1.696 14.6 35.21
1.695 14.6 35.21
1.695 14.6 35.21
1.695 14.61 35.21
1.694 14.61 35.21
1.694 14.61 35.21
1.694 14.61 35.21
1.694 14.62 35.21
1.694 14.62 35.21
1.694 14.62 35.21
1.693 14.63 35.21
1.693 14.63 35.21
1.693 14.64 35.21
1.692 14.65 35.21
1.692 14.65 35.21
1.691 14.65 35.21
1.691 14.66 35.21
1.69 14.66 35.21
1.69 14.66 35.21
1.689 14.66 35.21
1.688 14.67 35.21
1.687 14.69 35.21
1.685 14.7 35.21
1.684 14.71 35.21
1.683 14.72 35.21
1.683 14.72 35.21
1.682 14.74 35.21
1.681 14.75 35.21
1.68 14.76 35.21
1.678 14.76 35.21
1.677 14.76 35.21
1.676 14.77 35.21
1.676 14.78 35.21
1.674 14.79 35.21
1.673 14.8 35.21
1.673 14.81 35.21
1.672 14.81 35.21
1.672 14.81 35.21
1.671 14.84 35.21
1.67 14.85 35.21
1.668 14.86 35.21
1.667 14.87 35.21
1.665 14.88 35.21
1.662 14.91 35.21
1.66 14.93 35.21
1.658 14.94 35.21
1.655 14.96 35.21
1.652 14.98 35.21
1.65 14.99 35.21
1.648 15.01 35.21
1.647 15.02 35.21
1.646 15.03 35.21
1.646 15.04 35.21
1.644 15.05 35.21
1.643 15.06 35.21
1.643 15.07 35.21
1.642 15.07 35.2
1.641 15.08 35.21
1.64 15.09 35.2
1.639 15.11 35.2
1.638 15.11 35.2
1.637 15.12 35.2
1.636 15.12 35.2
1.635 15.13 35.2
1.635 15.14 35.2
1.634 15.15 35.2
1.633 15.16 35.2
1.632 15.16 35.2
1.632 15.16 35.2
1.632 15.16 35.2
1.633 15.16 35.2
1.633 15.16 35.2
1.632 15.17 35.2
1.629 15.2 35.2
1.626 15.22 35.2
1.625 15.24 35.2
1.624 15.25 35.2
1.624 15.26 35.2
1.622 15.28 35.2
1.621 15.29 35.2
1.621 15.3 35.2
1.621 15.3 35.2
1.621 15.3 35.2
1.62 15.31 35.2
1.618 15.32 35.2
1.617 15.34 35.2
1.615 15.36 35.2
1.613 15.37 35.2
1.611 15.39 35.2
1.609 15.4 35.2
1.607 15.41 35.2
1.605 15.42 35.2
1.603 15.44 35.2
1.601 15.46 35.2
1.599 15.47 35.2
1.598 15.48 35.2
1.597 15.48 35.2
1.597 15.49 35.2
1.597 15.49 35.2
1.597 15.49 35.2
1.596 15.5 35.2
1.596 15.5 35.2
1.595 15.51 35.2
1.595 15.51 35.2
1.594 15.52 35.2
1.594 15.52 35.2
1.593 15.53 35.2
1.593 15.53 35.2
1.592 15.54 35.2
1.591 15.55 35.2
1.591 15.56 35.2
1.59 15.56 35.2
1.59 15.57 35.2
1.589 15.58 35.2
1.588 15.58 35.2
1.587 15.6 35.2
1.586 15.6 35.2
1.586 15.6 35.2
1.586 15.6 35.2
1.586 15.6 35.2
1.586 15.6 35.2
1.586 15.61 35.2
1.585 15.62 35.2
1.584 15.63 35.2
1.583 15.65 35.2
1.582 15.65 35.2
1.582 15.66 35.2
1.581 15.66 35.2
1.58 15.67 35.2
1.579 15.68 35.2
1.578 15.69 35.2
1.577 15.7 35.2
1.577 15.71 35.2
1.576 15.73 35.2
1.574 15.74 35.2
1.573 15.75 35.2
1.573 15.75 35.2
1.571 15.78 35.2
1.57 15.79 35.2
1.569 15.81 35.2
1.569 15.81 35.2
1.567 15.84 35.2
1.566 15.84 35.2
1.566 15.85 35.2
1.566 15.85 35.2
1.565 15.86 35.2
1.565 15.86 35.2
1.564 15.86 35.2
1.563 15.87 35.2
1.561 15.88 35.2
1.56 15.89 35.2
1.559 15.89 35.2
1.558 15.9 35.2
1.557 15.91 35.2
1.556 15.92 35.2
1.555 15.92 35.2
1.555 15.93 35.2
1.554 15.94 35.2
1.554 15.95 35.2
1.553 15.95 35.2
1.553 15.96 35.2
1.552 15.96 35.2
1.552 15.97 35.2
1.552 15.97 35.2
1.551 15.98 35.2
1.551 15.99 35.2
1.549 15.99 35.2
1.548 16 35.2
1.547 16.02 35.2
1.547 16.03 35.2
1.547 16.04 35.2
1.546 16.04 35.2
1.546 16.04 35.2
1.545 16.04 35.2
1.545 16.05 35.2
1.544 16.05 35.2
1.544 16.07 35.2
1.543 16.07 35.2
1.543 16.07 35.2
1.543 16.07 35.2
1.543 16.07 35.2
1.543 16.08 35.2
1.543 16.08 35.2
1.543 16.08 35.2
1.542 16.09 35.2
1.541 16.1 35.2
1.54 16.11 35.2
1.54 16.11 35.2
1.539 16.12 35.2
1.538 16.14 35.2
1.537 16.15 35.2
1.537 16.16 35.2
1.537 16.16 35.2
1.536 16.17 35.2
1.536 16.17 35.2
1.536 16.18 35.2
1.535 16.18 35.2
1.535 16.19 35.2
1.535 16.2 35.2
1.533 16.21 35.2
1.532 16.22 35.2
1.532 16.23 35.2
1.531 16.23 35.2
1.53 16.25 35.2
1.53 16.26 35.2
1.529 16.27 35.2
1.528 16.28 35.2
1.527 16.29 35.2
1.526 16.3 35.2
1.525 16.32 35.2
1.523 16.33 35.2
1.522 16.35 35.2
1.52 16.37 35.2
1.518 16.38 35.2
1.516 16.4 35.2
1.515 16.41 35.2
1.514 16.42 35.2
1.513 16.43 35.2
1.513 16.45 35.2
1.512 16.46 35.2
1.511 16.46 35.2
1.511 16.47 35.2
1.51 16.47 35.2
1.51 16.48 35.2
1.509 16.48 35.2
1.509 16.49 35.2
1.508 16.5 35.2
1.507 16.51 35.2
1.507 16.52 35.2
1.506 16.53 35.2
1.505 16.54 35.19
1.504 16.55 35.19
1.503 16.56 35.2
1.503 16.57 35.2
1.502 16.58 35.19
1.5 16.59 35.19
1.499 16.6 35.19
1.498 16.61 35.19
1.497 16.62 35.19
1.496 16.64 35.19
1.495 16.65 35.19
1.494 16.66 35.19
1.493 16.67 35.19
1.492 16.68 35.19
1.491 16.7 35.19
1.489 16.71 35.19
1.488 16.73 35.19
1.487 16.74 35.19
1.486 16.75 35.19
1.485 16.76 35.19
1.485 16.77 35.19
1.484 16.78 35.19
1.483 16.78 35.19
1.482 16.8 35.19
1.481 16.81 35.19
1.48 16.82 35.19
1.479 16.83 35.19
1.478 16.84 35.19
1.477 16.85 35.19
1.477 16.86 35.19
1.476 16.87 35.19
1.475 16.88 35.19
1.474 16.89 35.19
1.474 16.9 35.19
1.473 16.91 35.19
1.472 16.91 35.19
1.472 16.93 35.19
1.471 16.94 35.19
1.47 16.94 35.19
1.47 16.95 35.19
1.469 16.96 35.19
1.469 16.97 35.19
1.468 16.98 35.19
1.467 16.98 35.19
1.467 16.99 35.19
1.466 17 35.19
1.465 17.01 35.19
1.465 17.02 35.19
1.464 17.02 35.19
1.463 17.04 35.19
1.463 17.05 35.19
1.462 17.06 35.19
1.461 17.06 35.19
1.46 17.07 35.19
1.459 17.08 35.19
1.459 17.1 35.19
1.458 17.11 35.19
1.458 17.11 35.19
1.457 17.11 35.19
1.457 17.12 35.19
1.457 17.13 35.19
1.456 17.13 35.19
1.456 17.13 35.19
1.455 17.14 35.19
1.455 17.14 35.19
1.455 17.15 35.19
1.454 17.16 35.19
1.454 17.16 35.19
1.454 17.17 35.19
1.453 17.18 35.19
1.452 17.18 35.19
1.452 17.19 35.19
1.451 17.19 35.19
1.45 17.21 35.19
1.449 17.22 35.19
1.448 17.23 35.19
1.447 17.24 35.19
1.446 17.25 35.19
1.444 17.27 35.19
1.444 17.28 35.19
1.443 17.3 35.19
1.441 17.31 35.19
1.44 17.32 35.19
1.44 17.33 35.19
1.439 17.33 35.19
1.439 17.34 35.19
1.439 17.34 35.19
1.438 17.35 35.19
1.438 17.36 35.19
1.437 17.36 35.19
1.437 17.37 35.19
1.436 17.38 35.19
1.436 17.39 35.19
1.435 17.39 35.19
1.434 17.4 35.19
1.434 17.41 35.19
1.433 17.42 35.19
1.432 17.43 35.19
1.432 17.44 35.19
1.431 17.44 35.19
1.431 17.45 35.19
1.43 17.46 35.19
1.429 17.47 35.19
1.428 17.48 35.19
1.427 17.49 35.19
1.427 17.5 35.19
1.426 17.51 35.19
1.425 17.51 35.19
1.425 17.52 35.19
1.425 17.52 35.19
1.425 17.52 35.19
1.425 17.53 35.19
1.424 17.53 35.19
1.423 17.54 35.19
1.422 17.56 35.19
1.421 17.57 35.19
1.42 17.58 35.19
1.419 17.6 35.19
1.417 17.61 35.19
1.417 17.63 35.19
1.416 17.63 35.19
1.416 17.64 35.19
1.415 17.64 35.19
1.415 17.65 35.19
1.414 17.66 35.19
1.414 17.67 35.19
1.413 17.68 35.19
1.412 17.69 35.19
1.411 17.7 35.19
1.41 17.72 35.19
1.409 17.73 35.19
1.408 17.74 35.19
1.407 17.76 35.19
1.406 17.77 35.19
1.405 17.78 35.19
1.405 17.78 35.19
1.404 17.79 35.19
1.404 17.79 35.19
1.404 17.8 35.19
1.403 17.81 35.19
1.403 17.82 35.19
1.401 17.83 35.19
1.4 17.85 35.19
1.399 17.86 35.19
1.398 17.87 35.19
1.397 17.88 35.19
1.396 17.89 35.19
1.396 17.9 35.19
1.395 17.91 35.19
1.394 17.92 35.19
1.393 17.93 35.19
1.393 17.95 35.19
1.392 17.95 35.19
1.391 17.96 35.19
1.39 17.97 35.19
1.39 17.98 35.19
1.389 17.99 35.19
1.388 18 35.19
1.387 18.02 35.19
1.386 18.03 35.19
1.385 18.04 35.19
1.384 18.04 35.19
1.384 18.06 35.19
1.383 18.07 35.19
1.382 18.08 35.19
1.382 18.09 35.19
1.382 18.09 35.19
1.381 18.1 35.19
1.38 18.11 35.19
1.38 18.12 35.18
1.379 18.12 35.19
1.379 18.13 35.19
1.378 18.14 35.18
1.378 18.14 35.18
1.377 18.16 35.19
1.375 18.18 35.18
1.374 18.2 35.18
1.373 18.21 35.18
1.372 18.23 35.18
1.372 18.23 35.18
1.371 18.24 35.18
1.371 18.25 35.18
1.37 18.26 35.18
1.37 18.27 35.18
1.369 18.27 35.18
1.368 18.28 35.18
1.367 18.29 35.18
1.367 18.3 35.18
1.366 18.31 35.18
1.366 18.32 35.18
1.365 18.33 35.18
1.365 18.33 35.18
1.364 18.34 35.18
1.363 18.35 35.18
1.363 18.36 35.18
1.362 18.37 35.18
1.36 18.39 35.18
1.359 18.4 35.18
1.358 18.42 35.18
1.357 18.43 35.18
1.357 18.43 35.18
1.356 18.44 35.18
1.355 18.46 35.18
1.354 18.47 35.18
1.353 18.48 35.18
1.353 18.49 35.18
1.352 18.5 35.18
1.351 18.51 35.18
1.35 18.52 35.18
1.35 18.53 35.18
1.349 18.54 35.18
1.349 18.54 35.18
1.349 18.55 35.18
1.348 18.56 35.18
1.348 18.56 35.18
1.347 18.57 35.18
1.347 18.58 35.18
1.346 18.59 35.18
1.346 18.59 35.18
1.345 18.61 35.18
1.345 18.62 35.18
1.344 18.62 35.18
1.344 18.63 35.18
1.343 18.63 35.18
1.343 18.64 35.18
1.342 18.65 35.18
1.342 18.65 35.18
1.341 18.66 35.18
1.341 18.67 35.18
1.34 18.68 35.18
1.339 18.69 35.18
1.339 18.7 35.18
1.338 18.71 35.18
1.338 18.72 35.18
1.337 18.72 35.18
1.336 18.73 35.18
1.336 18.74 35.18
1.335 18.75 35.18
1.334 18.77 35.18
1.334 18.78 35.18
1.333 18.79 35.18
1.332 18.8 35.18
1.331 18.81 35.18
1.331 18.82 35.18
1.33 18.83 35.18
1.329 18.84 35.18
1.328 18.85 35.18
1.328 18.86 35.18
1.327 18.87 35.18
1.327 18.88 35.18
1.326 18.89 35.18
1.325 18.9 35.18
1.324 18.92 35.18
1.323 18.93 35.18
1.322 18.94 35.18
1.321 18.95 35.18
1.32 18.97 35.18
1.32 18.97 35.18
1.319 18.98 35.18
1.318 19 35.18
1.318 19 35.18
1.317 19.01 35.18
1.317 19.01 35.18
1.317 19.02 35.18
1.316 19.02 35.18
1.316 19.03 35.18
1.316 19.05 35.18
1.315 19.06 35.18
1.314 19.06 35.18
1.313 19.07 35.18
1.313 19.09 35.18
1.312 19.1 35.18
1.312 19.1 35.18
1.311 19.11 35.18
1.31 19.12 35.18
1.309 19.13 35.18
1.309 19.15 35.18
1.307 19.16 35.18
1.306 19.18 35.18
1.304 19.21 35.18
1.303 19.22 35.18
1.303 19.23 35.18
1.302 19.24 35.18
1.302 19.24 35.18
1.302 19.25 35.18
1.302 19.25 35.18
1.302 19.25 35.18
1.301 19.26 35.18
1.301 19.28 35.18
1.3 19.29 35.18
1.3 19.29 35.18
1.299 19.3 35.18
1.298 19.31 35.18
1.298 19.32 35.18
1.297 19.33 35.18
1.296 19.35 35.18
1.294 19.38 35.18
1.293 19.39 35.18
1.292 19.4 35.18
1.292 19.41 35.18
1.291 19.42 35.18
1.291 19.43 35.18
1.29 19.44 35.18
1.289 19.45 35.18
1.289 19.46 35.18
1.288 19.47 35.18
1.288 19.47 35.18
1.287 19.48 35.18
1.287 19.49 35.18
1.287 19.5 35.18
1.286 19.5 35.18
1.286 19.51 35.18
1.285 19.52 35.18
1.285 19.52 35.18
1.285 19.53 35.18
1.285 19.53 35.18
1.285 19.53 35.18
1.284 19.54 35.18
1.284 19.55 35.18
1.283 19.56 35.18
1.283 19.56 35.18
1.282 19.57 35.18
1.282 19.59 35.18
1.281 19.6 35.18
1.28 19.61 35.18
1.279 19.62 35.18
1.278 19.63 35.18
1.278 19.64 35.18
1.277 19.65 35.18
1.277 19.66 35.18
1.276 19.67 35.18
1.276 19.68 35.18
1.275 19.69 35.18
1.274 19.7 35.18
1.273 19.71 35.18
1.273 19.72 35.18
1.272 19.73 35.18
1.271 19.74 35.18
1.271 19.75 35.18
1.27 19.75 35.17
1.27 19.76 35.17
1.269 19.78 35.17
1.269 19.79 35.17
1.268 19.79 35.17
1.268 19.8 35.17
1.267 19.81 35.17
1.267 19.82 35.18
1.266 19.82 35.17
1.266 19.83 35.17
1.265 19.84 35.17
1.264 19.85 35.17
1.264 19.86 35.17
1.263 19.87 35.17
1.262 19.89 35.17
1.262 19.9 35.17
1.262 19.91 35.17
1.261 19.91 35.17
1.261 19.91 35.17
1.26 19.93 35.17
1.26 19.93 35.17
1.259 19.94 35.17
1.258 19.95 35.17
1.258 19.96 35.17
1.258 19.97 35.17
1.257 19.97 35.17
1.257 19.98 35.17
1.256 19.98 35.17
1.256 19.99 35.17
1.256 20 35.17
1.255 20.01 35.17
1.255 20.01 35.17
1.254 20.02 35.17
1.254 20.03 35.17
1.253 20.04 35.17
1.252 20.05 35.17
1.252 20.07 35.17
1.251 20.08 35.17
1.25 20.09 35.17
1.249 20.1 35.17
1.249 20.11 35.17
1.248 20.12 35.17
1.247 20.13 35.17
1.247 20.15 35.17
1.247 20.16 35.17
1.246 20.17 35.17
1.245 20.18 35.17
1.244 20.19 35.17
1.244 20.2 35.17
1.243 20.22 35.17
1.242 20.23 35.17
1.241 20.24 35.17
1.241 20.25 35.17
1.24 20.27 35.17
1.24 20.28 35.17
1.238 20.29 35.17
1.238 20.3 35.17
1.238 20.31 35.17
1.237 20.32 35.17
1.237 20.33 35.17
1.236 20.35 35.17
1.236 20.36 35.17
1.235 20.37 35.17
1.234 20.38 35.17
1.233 20.4 35.17
1.232 20.41 35.17
1.231 20.42 35.17
1.231 20.43 35.17
1.23 20.44 35.17
1.23 20.45 35.17
1.229 20.46 35.17
1.229 20.47 35.17
1.228 20.48 35.17
1.227 20.5 35.17
1.227 20.51 35.17
1.226 20.51 35.17
1.225 20.52 35.17
1.225 20.53 35.17
1.225 20.55 35.17
1.224 20.55 35.17
1.224 20.56 35.17
1.223 20.57 35.17
1.223 20.58 35.17
1.222 20.6 35.17
1.221 20.61 35.17
1.22 20.62 35.17
1.219 20.64 35.17
1.219 20.65 35.17
1.218 20.66 35.17
1.218 20.67 35.17
1.217 20.68 35.17
1.216 20.69 35.17
1.216 20.7 35.17
1.215 20.71 35.17
1.215 20.72 35.17
1.215 20.73 35.17
1.214 20.73 35.17
1.214 20.74 35.17
1.213 20.75 35.17
1.212 20.76 35.17
1.212 20.77 35.17
1.211 20.78 35.17
1.211 20.79 35.17
1.21 20.81 35.17
1.21 20.82 35.17
1.209 20.83 35.17
1.208 20.85 35.17
1.207 20.86 35.17
1.206 20.87 35.17
1.206 20.87 35.17
1.206 20.88 35.17
1.205 20.89 35.17
1.205 20.9 35.17
1.204 20.91 35.17
1.203 20.92 35.17
1.203 20.93 35.17
1.203 20.94 35.17
1.202 20.95 35.17
1.202 20.96 35.17
1.201 20.97 35.17
1.201 20.98 35.17
1.2 20.99 35.17
1.199 21.01 35.17
1.198 21.03 35.17
1.197 21.04 35.17
1.196 21.05 35.17
1.196 21.07 35.17
1.195 21.08 35.17
1.194 21.09 35.17
1.194 21.1 35.17
1.193 21.11 35.17
1.193 21.13 35.17
1.192 21.14 35.17
1.191 21.15 35.17
1.191 21.16 35.17
1.191 21.16 35.17
1.19 21.17 35.17
1.19 21.17 35.17
1.19 21.18 35.17
1.19 21.19 35.17
1.189 21.19 35.17
1.189 21.2 35.17
1.189 21.2 35.17
1.188 21.21 35.17
1.188 21.22 35.17
1.187 21.22 35.17
1.187 21.23 35.17
1.187 21.24 35.17
1.186 21.25 35.17
1.185 21.26 35.17
1.185 21.27 35.17
1.185 21.28 35.17
1.184 21.29 35.17
1.184 21.29 35.17
1.183 21.3 35.17
1.182 21.31 35.17
1.182 21.32 35.17
1.182 21.32 35.17
1.182 21.33 35.17
1.181 21.34 35.17
1.181 21.35 35.17
1.18 21.37 35.17
1.18 21.37 35.17
1.179 21.38 35.17
1.179 21.38 35.17
1.179 21.38 35.17
1.178 21.39 35.17
1.178 21.4 35.17
1.178 21.41 35.16
1.177 21.42 35.16
1.177 21.43 35.16
1.176 21.43 35.17
1.176 21.44 35.16
1.175 21.44 35.16
1.175 21.46 35.16
1.174 21.47 35.16
1.174 21.48 35.16
1.174 21.49 35.16
1.173 21.49 35.16
1.173 21.5 35.16
1.173 21.51 35.16
1.172 21.52 35.16
1.172 21.53 35.16
1.171 21.54 35.16
1.171 21.55 35.16
1.17 21.56 35.16
1.17 21.57 35.16
1.169 21.58 35.16
1.168 21.59 35.16
1.168 21.59 35.16
1.168 21.6 35.16
1.167 21.6 35.16
1.167 21.61 35.16
1.167 21.62 35.16
1.166 21.63 35.16
1.166 21.64 35.16
1.165 21.65 35.16
1.165 21.66 35.16
1.164 21.68 35.16
1.163 21.69 35.16
1.163 21.7 35.16
1.162 21.71 35.16
1.162 21.72 35.16
1.161 21.73 35.16
1.16 21.75 35.16
1.16 21.75 35.16
1.159 21.77 35.16
1.159 21.78 35.16
1.158 21.79 35.16
1.157 21.81 35.16
1.156 21.84 35.16
1.155 21.85 35.16
1.155 21.86 35.16
1.154 21.87 35.16
1.154 21.88 35.16
1.153 21.89 35.16
1.153 21.9 35.16
1.152 21.91 35.16
1.152 21.92 35.16
1.152 21.93 35.16
1.151 21.94 35.16
1.151 21.95 35.16
1.15 21.96 35.16
1.15 21.97 35.16
1.149 21.97 35.16
1.149 21.98 35.16
1.149 21.98 35.16
1.148 22 35.16
1.148 22.01 35.16
1.147 22.02 35.16
1.146 22.04 35.16
1.145 22.05 35.16
1.145 22.06 35.16
1.145 22.07 35.16
1.145 22.07 35.16
1.144 22.08 35.16
1.144 22.09 35.16
1.143 22.1 35.16
1.143 22.11 35.16
1.143 22.11 35.16
1.142 22.11 35.16
1.142 22.12 35.16
1.142 22.12 35.16
1.142 22.12 35.16
1.142 22.13 35.16
1.141 22.14 35.16
1.141 22.15 35.16
1.14 22.16 35.16
1.14 22.16 35.16
1.14 22.17 35.16
1.139 22.18 35.16
1.139 22.19 35.16
