1.186 22.18 45.31
1.187 22.17 45.31
1.187 22.16 45.31
1.188 22.15 45.31
1.188 22.14 45.31
1.189 22.13 45.32
1.189 22.12 45.32
1.189 22.12 45.32
1.19 22.11 45.32
1.19 22.11 45.32
1.19 22.1 45.32
1.191 22.1 45.32
1.191 22.09 45.32
1.191 22.08 45.32
1.191 22.07 45.32
1.192 22.07 45.32
1.192 22.07 45.32
1.192 22.06 45.32
1.193 22.05 45.32
1.193 22.05 45.32
1.193 22.04 45.32
1.194 22.03 45.32
1.194 22.03 45.32
1.194 22.02 45.32
1.195 22.02 45.32
1.195 22.01 45.32
1.195 22.01 45.32
1.196 22 45.32
1.196 22 45.32
1.196 21.99 45.32
1.197 21.98 45.33
1.197 21.98 45.33
1.197 21.97 45.33
1.198 21.95 45.33
1.198 21.94 45.33
1.199 21.93 45.33
1.199 21.93 45.33
1.2 21.91 45.33
1.201 21.9 45.33
1.201 21.89 45.33
1.202 21.88 45.33
1.202 21.87 45.33
1.202 21.87 45.33
1.203 21.86 45.33
1.203 21.85 45.33
1.204 21.84 45.33
1.204 21.83 45.33
1.205 21.81 45.34
1.205 21.8 45.34
1.206 21.79 45.34
1.207 21.77 45.34
1.208 21.76 45.34
1.208 21.75 45.34
1.209 21.73 45.34
1.21 21.72 45.34
1.211 21.7 45.34
1.212 21.69 45.34
1.212 21.67 45.34
1.213 21.66 45.34
1.213 21.65 45.34
1.214 21.64 45.34
1.214 21.64 45.34
1.214 21.63 45.34
1.215 21.63 45.34
1.215 21.62 45.34
1.215 21.61 45.34
1.216 21.6 45.34
1.216 21.6 45.34
1.216 21.59 45.34
1.217 21.59 45.34
1.217 21.59 45.34
1.217 21.58 45.34
1.217 21.58 45.34
1.218 21.58 45.34
1.218 21.57 45.34
1.218 21.56 45.34
1.219 21.55 45.34
1.219 21.54 45.34
1.22 21.54 45.34
1.22 21.53 45.35
1.22 21.52 45.35
1.221 21.52 45.35
1.221 21.51 45.35
1.221 21.51 45.35
1.222 21.5 45.35
1.222 21.49 45.35
1.222 21.49 45.35
1.223 21.47 45.35
1.224 21.46 45.35
1.224 21.44 45.35
1.225 21.43 45.35
1.226 21.42 45.35
1.227 21.4 45.35
1.228 21.38 45.35
1.229 21.37 45.35
1.229 21.36 45.35
1.23 21.35 45.35
1.231 21.34 45.35
1.231 21.33 45.35
1.232 21.31 45.35
1.233 21.29 45.35
1.234 21.28 45.35
1.234 21.27 45.35
1.235 21.26 45.35
1.236 21.24 45.35
1.237 21.23 45.35
1.237 21.22 45.35
1.238 21.21 45.35
1.238 21.21 45.35
1.239 21.19 45.35
1.24 21.17 45.35
1.241 21.16 45.35
1.241 21.15 45.35
1.242 21.15 45.35
1.242 21.13 45.35
1.243 21.12 45.35
1.244 21.11 45.35
1.244 21.1 45.35
1.245 21.09 45.35
1.245 21.09 45.35
1.245 21.08 45.35
1.246 21.07 45.35
1.246 21.06 45.35
1.246 21.06 45.35
1.247 21.05 45.35
1.247 21.05 45.36
1.247 21.05 45.36
1.248 21.04 45.36
1.248 21.04 45.36
1.249 21.03 45.36
1.249 21.02 45.36
1.249 21.01 45.36
1.25 21 45.36
1.25 20.99 45.36
1.251 20.98 45.36
1.251 20.97 45.36
1.252 20.95 45.36
1.253 20.95 45.36
1.253 20.94 45.36
1.254 20.93 45.36
1.254 20.92 45.36
1.255 20.9 45.36
1.256 20.88 45.36
1.257 20.87 45.36
1.257 20.86 45.36
1.258 20.85 45.36
1.259 20.84 45.36
1.26 20.82 45.36
1.261 20.8 45.36
1.261 20.79 45.36
1.262 20.77 45.36
1.263 20.76 45.36
1.264 20.74 45.36
1.265 20.73 45.36
1.266 20.72 45.37
1.266 20.71 45.37
1.267 20.7 45.37
1.267 20.69 45.37
1.268 20.69 45.37
1.268 20.68 45.37
1.268 20.67 45.37
1.269 20.67 45.37
1.269 20.66 45.37
1.27 20.65 45.37
1.271 20.64 45.37
1.271 20.62 45.37
1.272 20.61 45.37
1.272 20.61 45.37
1.273 20.6 45.37
1.273 20.6 45.37
1.273 20.59 45.37
1.274 20.59 45.37
1.274 20.58 45.37
1.274 20.58 45.37
1.274 20.57 45.37
1.274 20.57 45.37
1.275 20.56 45.37
1.275 20.55 45.37
1.276 20.55 45.37
1.277 20.54 45.37
1.277 20.53 45.37
1.277 20.53 45.37
1.278 20.52 45.37
1.278 20.51 45.37
1.278 20.5 45.37
1.279 20.49 45.37
1.28 20.48 45.37
1.28 20.47 45.37
1.281 20.45 45.37
1.282 20.44 45.37
1.283 20.42 45.37
1.284 20.4 45.37
1.286 20.38 45.37
1.287 20.36 45.37
1.288 20.34 45.37
1.289 20.33 45.37
1.29 20.31 45.37
1.29 20.3 45.37
1.291 20.29 45.37
1.292 20.28 45.37
1.292 20.27 45.37
1.293 20.26 45.37
1.293 20.25 45.37
1.294 20.24 45.37
1.294 20.23 45.37
1.295 20.22 45.37
1.295 20.22 45.37
1.295 20.21 45.37
1.296 20.2 45.37
1.296 20.19 45.37
1.296 20.19 45.37
1.297 20.19 45.37
1.297 20.18 45.37
1.297 20.18 45.37
1.297 20.18 45.37
1.297 20.17 45.37
1.298 20.16 45.37
1.299 20.16 45.37
1.299 20.15 45.37
1.299 20.15 45.37
1.3 20.14 45.37
1.3 20.14 45.37
1.3 20.13 45.37
1.3 20.13 45.37
1.3 20.13 45.37
1.3 20.12 45.37
1.301 20.12 45.37
1.301 20.11 45.37
1.302 20.11 45.37
1.302 20.1 45.37
1.302 20.09 45.37
1.303 20.09 45.37
1.303 20.08 45.37
1.303 20.08 45.37
1.304 20.07 45.37
1.304 20.07 45.37
1.305 20.06 45.37
1.305 20.05 45.37
1.305 20.04 45.37
1.306 20.04 45.37
1.307 20.02 45.37
1.307 20.01 45.37
1.308 20 45.37
1.308 19.99 45.37
1.309 19.98 45.37
1.31 19.96 45.37
1.311 19.95 45.37
1.312 19.94 45.37
1.313 19.93 45.37
1.313 19.92 45.37
1.314 19.91 45.37
1.315 19.9 45.37
1.315 19.89 45.37
1.315 19.88 45.37
1.316 19.87 45.37
1.317 19.86 45.38
1.317 19.85 45.37
1.318 19.84 45.37
1.319 19.83 45.37
1.319 19.82 45.38
1.32 19.8 45.38
1.321 19.79 45.38
1.322 19.78 45.38
1.322 19.78 45.38
1.322 19.77 45.38
1.323 19.76 45.38
1.323 19.76 45.38
1.323 19.75 45.38
1.324 19.75 45.38
1.324 19.75 45.38
1.324 19.74 45.38
1.324 19.74 45.38
1.324 19.74 45.38
1.324 19.73 45.38
1.325 19.73 45.38
1.325 19.73 45.38
1.325 19.72 45.38
1.326 19.72 45.38
1.326 19.71 45.38
1.326 19.71 45.38
1.327 19.7 45.38
1.327 19.7 45.38
1.328 19.69 45.38
1.329 19.68 45.38
1.329 19.68 45.38
1.33 19.66 45.38
1.331 19.65 45.38
1.332 19.64 45.38
1.333 19.63 45.38
1.333 19.62 45.38
1.334 19.6 45.38
1.335 19.6 45.38
1.335 19.59 45.38
1.336 19.58 45.38
1.336 19.56 45.38
1.338 19.54 45.37
1.339 19.53 45.38
1.34 19.51 45.38
1.341 19.5 45.38
1.341 19.49 45.38
1.342 19.48 45.38
1.343 19.46 45.38
1.344 19.45 45.38
1.345 19.44 45.38
1.345 19.44 45.38
1.345 19.43 45.38
1.345 19.43 45.38
1.345 19.42 45.38
1.346 19.41 45.38
1.346 19.4 45.38
1.347 19.39 45.38
1.348 19.38 45.38
1.348 19.38 45.38
1.349 19.37 45.38
1.35 19.35 45.38
1.35 19.34 45.38
1.351 19.33 45.38
1.351 19.32 45.38
1.352 19.32 45.38
1.352 19.31 45.38
1.352 19.31 45.38
1.353 19.3 45.38
1.353 19.3 45.38
1.354 19.29 45.38
1.354 19.28 45.38
1.355 19.27 45.38
1.356 19.26 45.38
1.356 19.25 45.38
1.357 19.24 45.38
1.358 19.24 45.38
1.358 19.23 45.38
1.359 19.22 45.38
1.359 19.21 45.38
1.36 19.21 45.38
1.36 19.2 45.38
1.36 19.2 45.38
1.361 19.19 45.38
1.362 19.17 45.38
1.363 19.15 45.38
1.365 19.13 45.38
1.366 19.11 45.38
1.367 19.11 45.38
1.368 19.1 45.38
1.369 19.08 45.38
1.37 19.07 45.38
1.371 19.05 45.38
1.372 19.03 45.38
1.373 19.02 45.38
1.374 19 45.38
1.375 18.99 45.38
1.375 18.98 45.38
1.376 18.97 45.38
1.376 18.97 45.38
1.377 18.96 45.38
1.377 18.95 45.38
1.378 18.94 45.38
1.379 18.93 45.38
1.379 18.92 45.38
1.38 18.91 45.38
1.381 18.9 45.38
1.381 18.89 45.38
1.382 18.87 45.38
1.383 18.86 45.38
1.384 18.85 45.38
1.384 18.85 45.38
1.385 18.84 45.38
1.385 18.83 45.38
1.386 18.82 45.38
1.387 18.81 45.38
1.388 18.8 45.38
1.389 18.79 45.38
1.39 18.77 45.38
1.391 18.76 45.38
1.392 18.75 45.38
1.392 18.74 45.38
1.393 18.74 45.38
1.394 18.72 45.38
1.395 18.71 45.38
1.396 18.7 45.38
1.397 18.68 45.38
1.398 18.67 45.38
1.399 18.66 45.38
1.4 18.64 45.38
1.401 18.63 45.38
1.402 18.61 45.38
1.402 18.6 45.38
1.403 18.6 45.38
1.404 18.58 45.38
1.405 18.57 45.38
1.406 18.56 45.38
1.407 18.54 45.38
1.408 18.53 45.38
1.409 18.52 45.38
1.409 18.5 45.38
1.41 18.5 45.38
1.41 18.49 45.38
1.411 18.48 45.38
1.412 18.47 45.38
1.413 18.46 45.38
1.414 18.44 45.38
1.415 18.43 45.38
1.416 18.42 45.38
1.417 18.4 45.38
1.418 18.38 45.38
1.419 18.37 45.38
1.42 18.36 45.38
1.421 18.35 45.38
1.421 18.34 45.38
1.422 18.33 45.38
1.423 18.32 45.38
1.424 18.3 45.38
1.425 18.3 45.38
1.426 18.29 45.38
1.426 18.29 45.38
1.428 18.27 45.38
1.429 18.26 45.38
1.43 18.24 45.38
1.431 18.22 45.38
1.431 18.22 45.38
1.432 18.21 45.38
1.432 18.21 45.38
1.432 18.21 45.38
1.433 18.2 45.38
1.433 18.2 45.38
1.433 18.2 45.38
1.433 18.19 45.38
1.433 18.19 45.38
1.434 18.18 45.38
1.434 18.17 45.38
1.434 18.17 45.38
1.435 18.16 45.37
1.436 18.15 45.38
1.436 18.14 45.38
1.437 18.13 45.38
1.438 18.12 45.38
1.438 18.11 45.37
1.439 18.1 45.38
1.441 18.08 45.38
1.442 18.07 45.37
1.442 18.06 45.37
1.443 18.05 45.37
1.444 18.04 45.37
1.444 18.03 45.37
1.445 18.02 45.37
1.446 18.02 45.37
1.446 18.01 45.37
1.447 18 45.37
1.448 17.99 45.37
1.448 17.98 45.37
1.449 17.97 45.37
1.45 17.96 45.37
1.451 17.94 45.37
1.453 17.92 45.37
1.454 17.91 45.37
1.455 17.9 45.37
1.456 17.88 45.37
1.457 17.87 45.37
1.458 17.87 45.37
1.459 17.85 45.37
1.46 17.85 45.37
1.46 17.84 45.37
1.461 17.84 45.37
1.461 17.83 45.37
1.462 17.82 45.37
1.463 17.8 45.37
1.464 17.79 45.37
1.465 17.78 45.37
1.467 17.75 45.37
1.468 17.74 45.37
1.469 17.73 45.37
1.47 17.71 45.37
1.471 17.7 45.37
1.472 17.7 45.37
1.472 17.69 45.37
1.472 17.69 45.37
1.472 17.69 45.37
1.472 17.68 45.37
1.473 17.68 45.37
1.473 17.68 45.37
1.473 17.67 45.37
1.474 17.66 45.37
1.474 17.66 45.37
1.475 17.65 45.37
1.476 17.63 45.37
1.477 17.62 45.37
1.478 17.6 45.37
1.479 17.59 45.37
1.48 17.59 45.37
1.481 17.57 45.37
1.482 17.56 45.37
1.483 17.55 45.37
1.483 17.54 45.37
1.484 17.52 45.37
1.485 17.52 45.37
1.486 17.51 45.37
1.487 17.5 45.37
1.488 17.49 45.37
1.489 17.47 45.37
1.49 17.46 45.37
1.491 17.45 45.37
1.492 17.44 45.37
1.493 17.43 45.37
1.494 17.42 45.37
1.495 17.4 45.37
1.496 17.39 45.37
1.498 17.38 45.37
1.498 17.37 45.37
1.499 17.36 45.37
1.501 17.35 45.37
1.502 17.33 45.37
1.502 17.33 45.37
1.502 17.32 45.37
1.503 17.32 45.37
1.503 17.31 45.37
1.504 17.3 45.37
1.505 17.3 45.37
1.505 17.29 45.37
1.506 17.28 45.37
1.506 17.28 45.37
1.507 17.26 45.37
1.507 17.25 45.37
1.508 17.25 45.37
1.509 17.24 45.37
1.509 17.23 45.37
1.509 17.23 45.37
1.51 17.22 45.37
1.51 17.22 45.37
1.511 17.22 45.37
1.511 17.21 45.37
1.512 17.2 45.37
1.513 17.19 45.37
1.513 17.19 45.37
1.513 17.19 45.37
1.514 17.17 45.37
1.515 17.16 45.37
1.517 17.14 45.37
1.518 17.13 45.37
1.519 17.12 45.37
1.52 17.1 45.37
1.522 17.09 45.37
1.523 17.07 45.37
1.524 17.06 45.37
1.524 17.05 45.37
1.525 17.04 45.37
1.526 17.03 45.37
1.526 17.02 45.37
1.527 17.02 45.37
1.528 17 45.37
1.529 16.99 45.37
1.531 16.97 45.37
1.532 16.96 45.37
1.532 16.96 45.37
1.533 16.95 45.37
1.535 16.93 45.37
1.537 16.91 45.37
1.538 16.89 45.37
1.539 16.88 45.37
1.54 16.88 45.37
1.54 16.88 45.37
1.541 16.86 45.37
1.542 16.85 45.37
1.544 16.83 45.37
1.544 16.82 45.37
1.545 16.81 45.37
1.546 16.81 45.37
1.546 16.8 45.37
1.547 16.8 45.37
1.547 16.79 45.37
1.548 16.78 45.37
1.549 16.77 45.37
1.55 16.76 45.37
1.55 16.76 45.37
1.55 16.76 45.37
1.551 16.75 45.36
1.551 16.75 45.36
1.551 16.74 45.36
1.552 16.74 45.36
1.552 16.73 45.36
1.552 16.73 45.36
1.553 16.72 45.36
1.554 16.71 45.36
1.555 16.7 45.36
1.555 16.69 45.36
1.556 16.69 45.36
1.557 16.68 45.36
1.558 16.67 45.36
1.558 16.66 45.36
1.559 16.65 45.36
1.56 16.64 45.36
1.561 16.63 45.36
1.562 16.62 45.36
1.563 16.61 45.36
1.564 16.59 45.36
1.565 16.58 45.36
1.566 16.58 45.36
1.567 16.56 45.36
1.569 16.55 45.36
1.57 16.54 45.36
1.57 16.53 45.36
1.571 16.52 45.36
1.572 16.52 45.36
1.573 16.5 45.36
1.574 16.49 45.36
1.574 16.48 45.36
1.576 16.47 45.36
1.577 16.45 45.36
1.579 16.43 45.36
1.58 16.42 45.36
1.581 16.42 45.36
1.583 16.4 45.36
1.584 16.39 45.36
1.585 16.38 45.36
1.585 16.38 45.36
1.586 16.37 45.36
1.587 16.37 45.36
1.587 16.36 45.36
1.588 16.35 45.36
1.588 16.35 45.36
1.588 16.34 45.36
1.589 16.34 45.36
1.589 16.33 45.36
1.59 16.32 45.36
1.59 16.32 45.36
1.591 16.31 45.36
1.591 16.31 45.36
1.591 16.31 45.36
1.592 16.31 45.36
1.592 16.3 45.36
1.593 16.29 45.36
1.594 16.28 45.36
1.595 16.26 45.36
1.595 16.25 45.35
1.596 16.24 45.35
1.597 16.23 45.35
1.598 16.22 45.35
1.599 16.21 45.35
1.599 16.2 45.35
1.6 16.19 45.35
1.601 16.19 45.35
1.602 16.17 45.35
1.603 16.16 45.35
1.603 16.15 45.35
1.604 16.14 45.35
1.605 16.13 45.35
1.605 16.12 45.35
1.606 16.11 45.35
1.606 16.11 45.35
1.607 16.1 45.35
1.608 16.09 45.35
1.609 16.07 45.35
1.61 16.07 45.35
1.612 16.05 45.35
1.613 16.04 45.35
1.613 16.03 45.35
1.614 16.02 45.35
1.616 16 45.35
1.617 15.99 45.35
1.618 15.99 45.35
1.618 15.97 45.35
1.619 15.97 45.35
1.62 15.96 45.35
1.621 15.96 45.35
1.622 15.95 45.35
1.622 15.94 45.35
1.623 15.94 45.35
1.623 15.93 45.35
1.624 15.93 45.35
1.625 15.92 45.35
1.625 15.92 45.35
1.626 15.91 45.35
1.626 15.9 45.35
1.627 15.9 45.35
1.628 15.89 45.35
1.629 15.88 45.35
1.63 15.87 45.35
1.631 15.87 45.35
1.632 15.86 45.35
1.634 15.86 45.35
1.635 15.85 45.35
1.635 15.85 45.35
1.636 15.84 45.35
1.638 15.82 45.35
1.64 15.79 45.35
1.641 15.77 45.35
1.642 15.76 45.35
1.643 15.75 45.35
1.644 15.73 45.35
1.645 15.72 45.35
1.646 15.71 45.35
1.648 15.69 45.35
1.649 15.67 45.35
1.65 15.67 45.35
1.652 15.66 45.35
1.653 15.63 45.35
1.654 15.63 45.35
1.655 15.61 45.35
1.656 15.6 45.35
1.657 15.59 45.35
1.658 15.58 45.35
1.659 15.57 45.35
1.66 15.56 45.35
1.661 15.55 45.35
1.662 15.55 45.35
1.663 15.53 45.35
1.665 15.52 45.35
1.666 15.51 45.35
1.667 15.5 45.35
1.668 15.49 45.35
1.669 15.49 45.35
1.67 15.48 45.35
1.67 15.48 45.35
1.67 15.47 45.35
1.671 15.46 45.35
1.672 15.46 45.35
1.672 15.46 45.35
1.672 15.46 45.35
1.672 15.46 45.35
1.672 15.46 45.35
1.673 15.45 45.35
1.674 15.45 45.35
1.674 15.44 45.35
1.675 15.44 45.35
1.676 15.43 45.35
1.676 15.43 45.35
1.677 15.43 45.35
1.678 15.42 45.35
1.679 15.41 45.35
1.681 15.4 45.35
1.682 15.39 45.35
1.684 15.38 45.35
1.686 15.37 45.35
1.687 15.36 45.35
1.689 15.36 45.35
1.69 15.33 45.35
1.691 15.32 45.35
1.692 15.32 45.35
1.693 15.3 45.35
1.694 15.28 45.35
1.695 15.28 45.35
1.696 15.27 45.35
1.697 15.25 45.35
1.698 15.24 45.35
1.7 15.23 45.35
1.701 15.22 45.35
1.701 15.21 45.35
1.702 15.2 45.35
1.704 15.19 45.35
1.705 15.16 45.35
1.707 15.15 45.35
1.708 15.14 45.35
1.709 15.13 45.35
1.711 15.12 45.35
1.713 15.1 45.35
1.714 15.08 45.35
1.716 15.06 45.35
1.717 15.05 45.35
1.718 15.04 45.35
1.72 15.03 45.35
1.722 15.02 45.34
1.723 15.01 45.34
1.725 14.99 45.34
1.726 14.99 45.34
1.727 14.99 45.34
1.728 14.98 45.34
1.729 14.97 45.34
1.729 14.97 45.34
1.73 14.96 45.34
1.73 14.96 45.34
1.731 14.96 45.34
1.731 14.95 45.34
1.731 14.95 45.34
1.732 14.94 45.34
1.732 14.94 45.34
1.733 14.93 45.34
1.733 14.93 45.34
1.734 14.93 45.34
1.735 14.91 45.34
1.736 14.91 45.34
1.737 14.91 45.34
1.738 14.91 45.34
1.738 14.9 45.34
1.739 14.88 45.34
1.74 14.86 45.34
1.741 14.86 45.34
1.742 14.86 45.34
1.744 14.84 45.34
1.745 14.83 45.34
1.746 14.81 45.34
1.747 14.81 45.34
1.749 14.79 45.34
1.749 14.79 45.34
1.75 14.77 45.34
1.751 14.76 45.34
1.752 14.76 45.34
1.753 14.75 45.34
1.754 14.74 45.34
1.755 14.73 45.34
1.755 14.73 45.34
1.757 14.71 45.34
1.758 14.69 45.34
1.761 14.68 45.34
1.762 14.66 45.34
1.764 14.65 45.34
1.765 14.64 45.34
1.767 14.63 45.34
1.768 14.61 45.34
1.769 14.6 45.34
1.771 14.59 45.34
1.772 14.58 45.34
1.773 14.58 45.34
1.774 14.57 45.34
1.776 14.55 45.34
1.776 14.55 45.34
1.777 14.55 45.34
1.778 14.54 45.34
1.779 14.53 45.34
1.781 14.5 45.34
1.782 14.5 45.34
1.784 14.49 45.34
1.785 14.47 45.34
1.786 14.47 45.34
1.787 14.46 45.34
1.787 14.46 45.34
1.788 14.45 45.34
1.788 14.45 45.34
1.788 14.45 45.34
1.789 14.44 45.34
1.789 14.44 45.34
1.79 14.44 45.34
1.791 14.43 45.34
1.791 14.42 45.34
1.792 14.4 45.34
1.793 14.4 45.34
1.794 14.39 45.34
1.795 14.38 45.34
1.796 14.37 45.34
1.797 14.35 45.34
1.798 14.35 45.34
1.799 14.34 45.34
1.801 14.34 45.34
1.802 14.32 45.34
1.804 14.3 45.34
1.805 14.3 45.34
1.806 14.29 45.34
1.807 14.29 45.34
1.808 14.27 45.34
1.809 14.26 45.34
1.81 14.25 45.34
1.811 14.25 45.34
1.811 14.24 45.34
1.812 14.24 45.34
1.813 14.22 45.34
1.814 14.21 45.34
1.815 14.21 45.34
1.816 14.19 45.34
1.817 14.19 45.34
1.819 14.18 45.34
1.821 14.16 45.34
1.823 14.15 45.34
1.824 14.14 45.34
1.824 14.13 45.34
1.826 14.12 45.33
1.828 14.1 45.33
1.83 14.09 45.33
1.832 14.09 45.33
1.833 14.07 45.33
1.834 14.07 45.33
1.835 14.05 45.33
1.836 14.05 45.33
1.837 14.04 45.33
1.838 14.04 45.33
1.839 14.04 45.33
1.839 14.03 45.33
1.84 14.01 45.33
1.841 14 45.33
1.843 14 45.33
1.844 13.99 45.33
1.846 13.97 45.33
1.847 13.96 45.33
1.849 13.95 45.33
1.85 13.94 45.33
1.851 13.94 45.33
1.852 13.93 45.33
1.853 13.92 45.33
1.854 13.9 45.33
1.855 13.9 45.33
1.856 13.89 45.33
1.858 13.88 45.33
1.859 13.87 45.33
1.86 13.86 45.33
1.861 13.85 45.33
1.863 13.84 45.33
1.864 13.83 45.33
1.866 13.81 45.33
1.867 13.81 45.33
1.869 13.78 45.33
1.87 13.77 45.33
1.871 13.76 45.33
1.872 13.76 45.33
1.873 13.74 45.33
1.875 13.74 45.33
1.876 13.73 45.33
1.877 13.71 45.33
1.878 13.7 45.33
1.88 13.69 45.33
1.881 13.68 45.33
1.883 13.68 45.33
1.885 13.65 45.33
1.888 13.63 45.33
1.89 13.62 45.33
1.892 13.61 45.32
1.893 13.59 45.32
1.895 13.58 45.32
1.896 13.58 45.32
1.897 13.57 45.32
1.898 13.56 45.32
1.899 13.55 45.32
1.901 13.53 45.32
1.902 13.53 45.32
1.903 13.53 45.32
1.904 13.52 45.32
1.906 13.51 45.32
1.907 13.5 45.32
1.908 13.49 45.32
1.909 13.48 45.32
1.91 13.47 45.32
1.912 13.47 45.32
1.913 13.46 45.32
1.915 13.44 45.32
1.916 13.43 45.32
1.917 13.42 45.32
1.918 13.42 45.32
1.92 13.39 45.32
1.922 13.38 45.32
1.924 13.36 45.32
1.925 13.35 45.32
1.926 13.35 45.32
1.927 13.34 45.32
1.929 13.32 45.32
1.93 13.32 45.32
1.932 13.31 45.32
1.933 13.3 45.32
1.934 13.29 45.32
1.936 13.27 45.32
1.937 13.26 45.32
1.938 13.25 45.32
1.939 13.25 45.32
1.94 13.25 45.32
1.941 13.24 45.32
1.942 13.23 45.32
1.942 13.22 45.32
1.943 13.22 45.32
1.944 13.22 45.32
1.946 13.2 45.32
1.948 13.18 45.32
1.949 13.18 45.32
1.951 13.17 45.32
1.953 13.15 45.32
1.955 13.14 45.32
1.956 13.14 45.32
1.957 13.13 45.32
1.959 13.11 45.32
1.96 13.11 45.32
1.962 13.1 45.32
1.964 13.09 45.32
1.965 13.08 45.32
1.966 13.06 45.32
1.968 13.06 45.32
1.969 13.06 45.32
1.97 13.05 45.32
1.972 13.04 45.32
1.974 13.02 45.32
1.975 13.01 45.32
1.977 13 45.32
1.978 12.99 45.32
1.979 12.98 45.32
1.981 12.96 45.32
1.982 12.96 45.32
1.985 12.94 45.32
1.988 12.91 45.32
1.991 12.9 45.32
1.992 12.9 45.32
1.994 12.88 45.32
1.996 12.86 45.32
1.997 12.86 45.32
1.998 12.85 45.32
1.999 12.84 45.32
2.001 12.83 45.32
2.003 12.81 45.32
2.004 12.8 45.32
2.004 12.8 45.32
2.005 12.79 45.32
2.007 12.79 45.32
2.008 12.77 45.32
2.01 12.76 45.32
2.011 12.75 45.32
2.012 12.75 45.32
2.012 12.74 45.32
2.013 12.74 45.32
2.014 12.73 45.32
2.016 12.71 45.32
2.017 12.7 45.32
2.019 12.7 45.32
2.021 12.69 45.32
2.022 12.69 45.32
2.024 12.67 45.32
2.026 12.66 45.32
2.027 12.66 45.32
2.028 12.65 45.32
2.029 12.65 45.32
2.03 12.64 45.32
2.031 12.63 45.32
2.033 12.61 45.32
2.034 12.61 45.32
2.036 12.6 45.32
2.039 12.59 45.31
2.042 12.56 45.31
2.046 12.54 45.31
2.049 12.53 45.31
2.05 12.51 45.31
2.05 12.5 45.31
2.05 12.51 45.31
2.05 12.51 45.31
2.05 12.51 45.31
2.05 12.51 45.31
2.05 12.5 45.31
2.05 12.5 45.31
2.051 12.5 45.31
2.051 12.5 45.31
2.052 12.49 45.31
2.053 12.48 45.31
2.054 12.48 45.31
2.055 12.47 45.31
2.057 12.46 45.31
2.059 12.44 45.31
2.061 12.43 45.31
2.063 12.41 45.31
2.065 12.4 45.31
2.066 12.39 45.31
2.068 12.38 45.31
2.071 12.36 45.31
2.073 12.34 45.31
2.075 12.33 45.31
2.076 12.33 45.31
2.078 12.32 45.31
2.08 12.3 45.31
2.082 12.28 45.31
2.083 12.28 45.31
2.085 12.27 45.31
2.087 12.27 45.31
2.089 12.24 45.31
2.09 12.23 45.31
2.091 12.23 45.31
2.092 12.22 45.31
2.094 12.2 45.31
2.096 12.2 45.31
2.097 12.2 45.31
2.098 12.19 45.31
2.099 12.18 45.31
2.1 12.17 45.31
2.102 12.17 45.31
2.104 12.16 45.31
2.105 12.15 45.31
2.106 12.15 45.31
2.107 12.13 45.31
2.108 12.13 45.31
2.11 12.12 45.31
2.112 12.11 45.31
2.113 12.09 45.31
2.115 12.09 45.31
2.116 12.09 45.31
2.117 12.08 45.31
2.118 12.07 45.31
2.119 12.06 45.31
2.121 12.05 45.31
2.122 12.06 45.31
2.123 12.05 45.31
2.124 12.04 45.31
2.125 12.03 45.31
2.127 12.01 45.31
2.128 12.01 45.31
2.13 12 45.31
2.132 11.99 45.31
2.134 11.98 45.31
2.135 11.96 45.31
2.136 11.97 45.31
2.138 11.96 45.31
2.141 11.94 45.31
2.143 11.92 45.31
2.144 11.91 45.31
2.146 11.9 45.31
2.148 11.9 45.31
2.149 11.88 45.31
2.151 11.87 45.31
2.153 11.86 45.31
2.155 11.85 45.31
2.157 11.85 45.31
2.158 11.84 45.31
2.159 11.84 45.31
2.159 11.83 45.31
2.159 11.83 45.31
2.159 11.82 45.31
2.16 11.82 45.31
2.161 11.81 45.31
2.162 11.8 45.31
2.163 11.8 45.31
2.166 11.78 45.3
2.17 11.76 45.3
2.173 11.75 45.3
2.177 11.72 45.3
2.179 11.71 45.3
2.181 11.7 45.3
2.184 11.69 45.3
2.187 11.67 45.3
2.19 11.66 45.3
2.191 11.65 45.3
2.193 11.65 45.3
2.195 11.63 45.3
2.197 11.61 45.3
2.198 11.62 45.3
2.198 11.61 45.3
2.198 11.61 45.3
2.198 11.61 45.3
2.199 11.61 45.3
2.2 11.6 45.3
2.202 11.59 45.3
2.205 11.58 45.3
2.208 11.57 45.3
2.21 11.56 45.3
2.213 11.54 45.3
2.214 11.53 45.3
2.215 11.53 45.3
2.217 11.51 45.3
2.221 11.49 45.3
2.223 11.48 45.3
2.224 11.47 45.3
2.226 11.45 45.3
2.229 11.45 45.3
2.232 11.43 45.3
2.234 11.42 45.3
2.237 11.4 45.3
2.239 11.39 45.3
2.242 11.38 45.3
2.245 11.36 45.3
2.246 11.35 45.3
2.248 11.35 45.3
2.25 11.33 45.3
2.253 11.32 45.3
2.257 11.3 45.3
2.26 11.28 45.3
2.262 11.27 45.29
2.264 11.26 45.29
2.266 11.25 45.29
2.268 11.25 45.29
2.268 11.24 45.29
2.269 11.24 45.29
2.271 11.22 45.29
2.272 11.21 45.29
2.273 11.21 45.29
2.273 11.21 45.29
2.274 11.2 45.29
2.278 11.19 45.29
2.281 11.17 45.29
2.283 11.16 45.29
2.288 11.15 45.29
2.292 11.12 45.29
2.294 11.11 45.29
2.294 11.11 45.29
2.295 11.11 45.29
2.297 11.11 45.29
2.299 11.09 45.29
2.301 11.08 45.29
2.303 11.06 45.29
2.304 11.06 45.29
2.306 11.05 45.29
2.306 11.05 45.29
2.307 11.05 45.29
2.308 11.04 45.29
2.309 11.03 45.29
2.31 11.02 45.29
2.311 11.01 45.29
2.313 11 45.29
2.315 11 45.29
2.319 10.96 45.29
2.323 10.95 45.29
2.324 10.95 45.29
2.325 10.94 45.29
2.327 10.94 45.29
2.329 10.93 45.29
2.33 10.91 45.29
2.333 10.9 45.29
2.335 10.89 45.29
2.335 10.89 45.29
2.337 10.88 45.29
2.338 10.88 45.29
2.34 10.86 45.29
2.342 10.85 45.29
2.343 10.85 45.29
2.344 10.84 45.29
2.344 10.84 45.29
2.346 10.83 45.29
2.349 10.82 45.29
2.351 10.81 45.29
2.352 10.8 45.29
2.354 10.79 45.29
2.356 10.78 45.29
2.358 10.77 45.29
2.36 10.76 45.29
2.361 10.75 45.29
2.362 10.74 45.29
2.364 10.74 45.29
2.367 10.73 45.29
2.368 10.73 45.29
2.371 10.72 45.29
2.373 10.7 45.29
2.373 10.69 45.29
2.374 10.7 45.29
2.375 10.69 45.29
2.376 10.68 45.29
2.376 10.68 45.29
2.376 10.68 45.29
2.378 10.67 45.29
2.379 10.66 45.29
2.38 10.66 45.29
2.382 10.66 45.29
2.384 10.65 45.29
2.386 10.64 45.29
2.389 10.63 45.29
2.392 10.61 45.29
2.394 10.6 45.29
2.396 10.59 45.29
2.398 10.59 45.29
2.402 10.57 45.29
2.404 10.55 45.29
2.41 10.53 45.29
2.414 10.52 45.29
2.417 10.51 45.29
2.42 10.49 45.29
2.422 10.48 45.28
2.425 10.46 45.29
2.428 10.44 45.29
2.431 10.44 45.28
2.433 10.43 45.28
2.434 10.43 45.28
2.437 10.41 45.28
2.44 10.39 45.28
2.443 10.39 45.28
2.445 10.37 45.28
2.448 10.36 45.28
2.451 10.35 45.28
2.453 10.34 45.28
2.456 10.34 45.28
2.459 10.31 45.28
2.46 10.31 45.28
2.461 10.3 45.28
2.462 10.3 45.28
2.466 10.29 45.28
2.471 10.26 45.28
2.474 10.25 45.28
2.477 10.24 45.28
2.479 10.23 45.28
2.48 10.22 45.28
2.485 10.2 45.28
2.49 10.19 45.28
2.492 10.18 45.28
2.493 10.18 45.28
2.494 10.18 45.28
2.496 10.17 45.28
2.499 10.16 45.28
2.5 10.15 45.28
2.5 10.15 45.28
2.5 10.15 45.28
2.5 10.15 45.28
2.502 10.14 45.28
2.505 10.12 45.28
2.508 10.11 45.28
2.51 10.09 45.28
2.512 10.09 45.28
2.514 10.08 45.28
2.517 10.06 45.28
2.519 10.06 45.28
2.522 10.04 45.28
2.524 10.03 45.28
2.524 10.03 45.28
2.526 10.02 45.28
2.529 10.01 45.28
2.53 10.01 45.28
2.533 9.99 45.28
2.536 9.99 45.28
2.54 9.97 45.28
2.543 9.95 45.28
2.546 9.94 45.28
2.548 9.94 45.28
2.55 9.92 45.28
2.553 9.92 45.28
2.555 9.91 45.28
2.557 9.9 45.28
2.559 9.89 45.28
2.559 9.89 45.28
2.561 9.88 45.27
2.565 9.86 45.28
2.568 9.85 45.28
2.571 9.84 45.28
2.575 9.84 45.28
2.577 9.82 45.28
2.578 9.81 45.28
2.58 9.8 45.28
2.582 9.79 45.28
2.583 9.79 45.28
2.584 9.78 45.28
2.586 9.77 45.28
2.587 9.78 45.28
2.588 9.77 45.28
2.589 9.75 45.28
2.591 9.75 45.28
2.592 9.75 45.28
2.593 9.74 45.28
2.595 9.74 45.28
2.595 9.74 45.28
2.596 9.74 45.28
2.597 9.73 45.28
2.599 9.73 45.28
2.6 9.72 45.28
2.601 9.72 45.28
2.602 9.71 45.28
2.603 9.71 45.28
2.604 9.7 45.28
2.606 9.7 45.28
2.607 9.69 45.28
2.61 9.69 45.28
2.613 9.67 45.28
2.617 9.66 45.28
2.617 9.65 45.27
2.618 9.65 45.27
2.618 9.65 45.27
2.618 9.65 45.27
2.618 9.64 45.27
2.618 9.65 45.27
2.619 9.64 45.27
2.619 9.64 45.27
2.621 9.64 45.27
2.622 9.63 45.27
2.624 9.62 45.27
2.626 9.61 45.27
2.626 9.61 45.27
2.627 9.6 45.27
2.628 9.6 45.27
2.63 9.59 45.27
2.632 9.58 45.27
2.633 9.58 45.27
2.634 9.58 45.27
2.635 9.58 45.27
2.637 9.56 45.27
2.638 9.55 45.27
2.639 9.55 45.27
2.64 9.55 45.27
2.641 9.55 45.27
2.642 9.54 45.27
2.644 9.53 45.27
2.645 9.53 45.27
2.646 9.53 45.27
2.647 9.52 45.27
2.649 9.52 45.27
2.65 9.5 45.27
2.652 9.5 45.27
2.653 9.5 45.27
2.655 9.48 45.27
2.657 9.48 45.27
2.659 9.47 45.27
2.661 9.47 45.27
2.663 9.46 45.27
2.666 9.45 45.27
2.668 9.43 45.26
2.67 9.43 45.26
2.672 9.42 45.26
2.675 9.42 45.26
2.676 9.41 45.26
2.677 9.41 45.26
2.681 9.39 45.26
2.683 9.38 45.26
2.684 9.38 45.26
2.686 9.37 45.26
2.69 9.36 45.26
2.696 9.35 45.26
2.698 9.33 45.26
2.699 9.33 45.26
2.701 9.32 45.26
2.702 9.32 45.26
2.703 9.32 45.26
2.703 9.32 45.26
2.703 9.32 45.26
2.704 9.31 45.26
2.705 9.31 45.26
2.707 9.3 45.26
2.709 9.29 45.26
2.712 9.27 45.26
2.714 9.27 45.26
2.715 9.26 45.26
2.715 9.26 45.26
2.716 9.26 45.26
2.717 9.26 45.26
2.718 9.26 45.26
2.718 9.26 45.26
2.719 9.25 45.26
2.721 9.25 45.26
2.723 9.24 45.26
2.724 9.24 45.26
2.724 9.23 45.26
2.725 9.23 45.26
2.725 9.23 45.26
2.725 9.23 45.26
2.726 9.23 45.26
2.726 9.22 45.26
2.729 9.22 45.26
2.731 9.21 45.26
2.733 9.21 45.26
2.735 9.21 45.26
2.738 9.19 45.26
2.74 9.18 45.26
2.743 9.17 45.26
2.746 9.16 45.26
2.747 9.16 45.26
2.748 9.16 45.26
2.749 9.15 45.26
2.751 9.14 45.26
2.754 9.13 45.26
2.756 9.12 45.26
2.758 9.11 45.26
2.761 9.1 45.26
2.764 9.09 45.26
2.767 9.08 45.26
2.771 9.07 45.26
2.774 9.06 45.26
2.778 9.05 45.26
2.781 9.03 45.26
2.785 9.02 45.26
2.788 9.01 45.26
2.791 8.99 45.26
2.794 8.98 45.26
2.797 8.97 45.26
2.8 8.96 45.26
2.803 8.96 45.26
2.806 8.95 45.26
2.81 8.93 45.26
2.813 8.92 45.26
2.815 8.91 45.26
2.817 8.91 45.26
2.82 8.9 45.26
2.822 8.89 45.26
2.826 8.87 45.26
2.829 8.87 45.26
2.83 8.86 45.26
2.832 8.86 45.26
2.834 8.85 45.26
2.837 8.83 45.26
2.839 8.83 45.25
2.841 8.82 45.25
2.845 8.81 45.25
2.847 8.81 45.25
2.848 8.8 45.25
2.85 8.8 45.25
2.852 8.79 45.25
2.852 8.79 45.25
2.853 8.78 45.25
2.854 8.78 45.25
2.855 8.78 45.25
2.856 8.78 45.25
2.857 8.77 45.25
2.861 8.76 45.25
2.865 8.75 45.25
2.869 8.75 45.25
2.873 8.72 45.25
2.876 8.72 45.25
2.877 8.72 45.25
2.878 8.71 45.25
2.88 8.71 45.25
2.882 8.7 45.25
2.884 8.7 45.25
2.887 8.68 45.25
2.889 8.67 45.25
2.891 8.66 45.25
2.893 8.66 45.25
2.896 8.65 45.25
2.897 8.65 45.25
2.901 8.63 45.25
2.905 8.61 45.25
2.91 8.59 45.25
2.915 8.59 45.25
2.92 8.57 45.25
2.925 8.56 45.25
2.93 8.55 45.25
2.934 8.53 45.25
2.938 8.52 45.25
2.941 8.51 45.25
2.942 8.51 45.25
2.944 8.51 45.25
2.945 8.5 45.25
2.946 8.49 45.25
2.949 8.48 45.25
2.953 8.46 45.25
2.957 8.46 45.25
2.959 8.45 45.25
2.964 8.43 45.25
2.97 8.42 45.25
2.974 8.41 45.25
2.976 8.4 45.25
2.977 8.4 45.25
2.979 8.39 45.25
2.981 8.38 45.25
2.983 8.38 45.25
2.984 8.37 45.25
2.986 8.36 45.25
2.989 8.35 45.25
2.991 8.35 45.25
2.993 8.35 45.25
2.997 8.33 45.25
2.999 8.31 45.25
3 8.32 45.25
3.001 8.32 45.25
3.003 8.31 45.25
3.005 8.3 45.25
3.007 8.3 45.25
3.009 8.3 45.25
3.011 8.29 45.25
3.014 8.29 45.25
3.016 8.28 45.25
3.018 8.28 45.25
3.021 8.26 45.25
3.024 8.26 45.25
3.025 8.26 45.25
3.028 8.25 45.25
3.03 8.24 45.25
3.031 8.24 45.25
3.031 8.23 45.25
3.033 8.23 45.24
3.035 8.22 45.24
3.037 8.21 45.24
3.04 8.2 45.24
3.043 8.2 45.24
3.049 8.18 45.24
3.055 8.16 45.24
3.059 8.15 45.24
3.063 8.14 45.24
3.066 8.13 45.24
3.069 8.12 45.24
3.071 8.11 45.24
3.073 8.12 45.24
3.074 8.11 45.24
3.077 8.09 45.24
3.08 8.09 45.24
3.081 8.09 45.24
3.083 8.08 45.24
3.085 8.07 45.24
3.087 8.06 45.24
3.089 8.06 45.24
3.091 8.05 45.24
3.093 8.05 45.24
3.095 8.05 45.24
3.097 8.03 45.24
3.1 8.02 45.24
3.103 8.02 45.24
3.106 8.01 45.24
3.11 8 45.24
3.113 8 45.24
3.116 7.99 45.24
3.118 7.99 45.24
3.121 7.97 45.24
3.125 7.96 45.24
3.127 7.95 45.24
3.13 7.95 45.24
3.133 7.95 45.24
3.135 7.94 45.23
3.138 7.93 45.23
3.141 7.92 45.24
3.145 7.91 45.23
3.148 7.9 45.23
3.149 7.9 45.23
3.151 7.89 45.23
3.153 7.88 45.23
3.155 7.88 45.23
3.158 7.88 45.23
3.163 7.87 45.23
3.166 7.85 45.23
3.17 7.85 45.23
3.181 7.83 45.23
3.192 7.8 45.23
3.198 7.78 45.23
3.2 7.78 45.23
3.201 7.77 45.23
3.206 7.76 45.23
3.213 7.74 45.23
3.22 7.73 45.23
3.228 7.71 45.23
3.235 7.69 45.23
3.241 7.67 45.23
3.247 7.65 45.23
3.252 7.64 45.23
3.256 7.64 45.23
3.26 7.62 45.23
3.261 7.61 45.23
3.265 7.6 45.23
3.269 7.59 45.23
3.274 7.58 45.23
3.28 7.56 45.23
3.285 7.55 45.23
3.29 7.54 45.23
3.293 7.53 45.23
3.297 7.51 45.23
3.3 7.5 45.23
3.301 7.5 45.23
3.303 7.5 45.23
3.306 7.49 45.23
3.31 7.48 45.23
3.312 7.47 45.23
3.315 7.46 45.23
3.318 7.46 45.23
3.321 7.45 45.23
3.326 7.43 45.23
3.33 7.42 45.23
3.335 7.43 45.23
3.338 7.4 45.23
3.342 7.4 45.23
3.346 7.39 45.23
3.349 7.39 45.23
3.35 7.38 45.23
3.352 7.38 45.23
3.356 7.37 45.23
3.36 7.36 45.23
3.363 7.35 45.23
3.368 7.35 45.23
3.372 7.34 45.23
3.372 7.34 45.23
3.372 7.33 45.23
3.375 7.32 45.23
3.382 7.31 45.23
3.389 7.29 45.23
3.394 7.29 45.23
3.399 7.28 45.23
3.404 7.26 45.23
3.409 7.25 45.23
3.413 7.24 45.23
3.419 7.22 45.23
3.426 7.22 45.23
3.432 7.19 45.23
3.436 7.19 45.23
3.439 7.18 45.23
3.443 7.17 45.23
3.446 7.16 45.23
3.448 7.15 45.23
3.453 7.15 45.23
3.459 7.12 45.23
3.468 7.11 45.23
3.473 7.09 45.23
3.477 7.08 45.23
3.484 7.07 45.23
3.492 7.05 45.23
3.499 7.03 45.23
3.505 7.01 45.23
3.513 6.99 45.23
3.519 6.98 45.23
3.524 6.98 45.23
3.531 6.96 45.23
3.536 6.94 45.22
3.54 6.94 45.22
3.543 6.93 45.22
3.546 6.93 45.22
3.547 6.91 45.22
3.548 6.91 45.22
3.551 6.91 45.22
3.554 6.9 45.22
3.558 6.89 45.22
3.562 6.88 45.22
3.565 6.88 45.22
3.567 6.87 45.22
3.569 6.87 45.22
3.572 6.86 45.22
3.576 6.86 45.22
3.579 6.85 45.22
3.582 6.85 45.22
3.583 6.84 45.22
3.584 6.84 45.22
3.585 6.84 45.22
3.588 6.83 45.22
3.591 6.82 45.22
3.595 6.82 45.22
3.6 6.81 45.22
3.603 6.81 45.22
3.609 6.79 45.22
3.617 6.78 45.22
3.627 6.76 45.22
3.636 6.74 45.22
3.643 6.72 45.22
3.65 6.71 45.22
3.654 6.7 45.22
3.657 6.69 45.22
3.662 6.68 45.22
3.671 6.66 45.22
3.678 6.64 45.22
3.686 6.63 45.22
3.691 6.62 45.22
3.695 6.61 45.22
3.698 6.59 45.22
3.703 6.58 45.22
3.71 6.57 45.22
3.718 6.56 45.22
3.723 6.55 45.22
3.729 6.53 45.22
3.734 6.52 45.22
3.739 6.52 45.22
3.745 6.51 45.22
3.752 6.49 45.22
3.758 6.48 45.22
3.762 6.47 45.22
3.766 6.47 45.22
3.769 6.47 45.22
3.775 6.46 45.22
3.781 6.44 45.22
3.786 6.43 45.22
3.79 6.43 45.22
3.793 6.42 45.22
3.796 6.41 45.22
3.801 6.41 45.22
3.806 6.41 45.22
3.812 6.39 45.22
3.82 6.38 45.22
3.83 6.37 45.22
3.834 6.35 45.22
3.837 6.35 45.22
3.845 6.33 45.22
3.852 6.32 45.22
3.858 6.31 45.22
3.863 6.31 45.22
