1.219 22.19 55.28
1.22 22.17 55.28
1.22 22.16 55.28
1.221 22.16 55.28
1.221 22.14 55.28
1.222 22.13 55.28
1.222 22.12 55.28
1.222 22.12 55.28
1.223 22.11 55.28
1.223 22.11 55.28
1.223 22.11 55.28
1.223 22.1 55.28
1.224 22.1 55.29
1.224 22.09 55.29
1.224 22.08 55.29
1.225 22.08 55.29
1.225 22.07 55.29
1.225 22.07 55.29
1.226 22.07 55.29
1.226 22.06 55.29
1.226 22.05 55.29
1.226 22.04 55.29
1.228 22.03 55.29
1.229 22.01 55.29
1.229 22 55.29
1.23 21.98 55.29
1.231 21.97 55.29
1.232 21.95 55.29
1.233 21.93 55.29
1.234 21.91 55.29
1.235 21.9 55.29
1.235 21.89 55.29
1.236 21.87 55.29
1.237 21.86 55.29
1.237 21.85 55.29
1.237 21.85 55.29
1.237 21.84 55.29
1.237 21.84 55.29
1.238 21.83 55.29
1.239 21.81 55.29
1.24 21.79 55.29
1.24 21.78 55.29
1.241 21.77 55.29
1.242 21.75 55.29
1.242 21.74 55.29
1.243 21.73 55.29
1.244 21.72 55.29
1.244 21.7 55.29
1.245 21.7 55.29
1.245 21.69 55.29
1.246 21.68 55.29
1.247 21.67 55.3
1.248 21.65 55.3
1.248 21.64 55.3
1.249 21.63 55.3
1.25 21.61 55.3
1.251 21.6 55.3
1.251 21.59 55.3
1.252 21.58 55.3
1.252 21.57 55.3
1.253 21.56 55.3
1.253 21.55 55.3
1.253 21.54 55.3
1.254 21.54 55.3
1.254 21.53 55.3
1.255 21.52 55.3
1.255 21.51 55.3
1.256 21.49 55.3
1.257 21.48 55.3
1.258 21.46 55.3
1.259 21.44 55.3
1.26 21.43 55.3
1.261 21.42 55.3
1.261 21.4 55.3
1.262 21.39 55.3
1.263 21.38 55.3
1.263 21.37 55.3
1.264 21.36 55.3
1.264 21.34 55.3
1.265 21.33 55.3
1.266 21.31 55.3
1.267 21.3 55.31
1.268 21.29 55.31
1.268 21.28 55.31
1.269 21.28 55.31
1.269 21.27 55.31
1.27 21.26 55.31
1.271 21.24 55.31
1.271 21.23 55.31
1.272 21.22 55.31
1.272 21.22 55.31
1.273 21.21 55.31
1.273 21.2 55.31
1.274 21.19 55.31
1.274 21.18 55.31
1.275 21.17 55.31
1.275 21.16 55.31
1.276 21.15 55.31
1.276 21.15 55.31
1.277 21.14 55.31
1.277 21.13 55.31
1.278 21.12 55.31
1.278 21.11 55.31
1.28 21.09 55.31
1.281 21.07 55.31
1.282 21.06 55.31
1.282 21.05 55.31
1.283 21.03 55.31
1.284 21.02 55.31
1.284 21.01 55.31
1.285 21 55.31
1.285 21 55.31
1.285 20.99 55.31
1.286 20.98 55.31
1.286 20.97 55.31
1.287 20.95 55.31
1.288 20.94 55.31
1.288 20.93 55.32
1.289 20.93 55.32
1.289 20.92 55.32
1.289 20.91 55.32
1.29 20.91 55.32
1.29 20.91 55.32
1.29 20.9 55.32
1.29 20.9 55.32
1.29 20.9 55.32
1.29 20.9 55.32
1.29 20.89 55.32
1.29 20.89 55.32
1.29 20.89 55.32
1.291 20.89 55.32
1.291 20.88 55.32
1.291 20.87 55.32
1.292 20.87 55.32
1.292 20.86 55.32
1.292 20.86 55.32
1.293 20.85 55.32
1.293 20.84 55.32
1.294 20.83 55.32
1.294 20.82 55.32
1.295 20.82 55.32
1.296 20.81 55.32
1.296 20.8 55.32
1.297 20.79 55.32
1.298 20.77 55.32
1.299 20.76 55.32
1.3 20.74 55.32
1.301 20.73 55.32
1.302 20.72 55.32
1.302 20.7 55.32
1.303 20.69 55.32
1.304 20.68 55.32
1.304 20.67 55.32
1.305 20.66 55.32
1.305 20.65 55.32
1.306 20.64 55.32
1.307 20.63 55.32
1.307 20.62 55.32
1.308 20.61 55.32
1.309 20.59 55.32
1.31 20.58 55.32
1.311 20.57 55.32
1.312 20.55 55.32
1.313 20.53 55.32
1.314 20.51 55.32
1.315 20.5 55.32
1.316 20.48 55.32
1.317 20.47 55.32
1.317 20.46 55.32
1.318 20.45 55.32
1.318 20.44 55.32
1.318 20.43 55.32
1.319 20.43 55.32
1.319 20.42 55.32
1.32 20.41 55.32
1.32 20.4 55.32
1.321 20.4 55.32
1.321 20.39 55.32
1.321 20.39 55.32
1.321 20.38 55.32
1.322 20.38 55.32
1.322 20.37 55.32
1.322 20.37 55.32
1.322 20.37 55.32
1.323 20.36 55.32
1.323 20.36 55.32
1.323 20.35 55.32
1.324 20.35 55.32
1.324 20.34 55.32
1.325 20.33 55.32
1.325 20.32 55.32
1.326 20.31 55.32
1.327 20.3 55.32
1.327 20.29 55.32
1.328 20.28 55.32
1.328 20.27 55.32
1.329 20.26 55.32
1.329 20.26 55.32
1.33 20.25 55.32
1.33 20.24 55.32
1.33 20.24 55.32
1.33 20.23 55.32
1.331 20.23 55.32
1.331 20.23 55.32
1.331 20.23 55.32
1.331 20.22 55.32
1.332 20.21 55.32
1.332 20.2 55.32
1.333 20.19 55.32
1.333 20.19 55.32
1.334 20.18 55.32
1.334 20.17 55.32
1.335 20.17 55.32
1.335 20.17 55.32
1.335 20.16 55.32
1.335 20.16 55.32
1.336 20.14 55.32
1.337 20.13 55.32
1.337 20.12 55.32
1.338 20.11 55.32
1.339 20.11 55.32
1.339 20.1 55.32
1.339 20.1 55.32
1.339 20.09 55.32
1.34 20.09 55.32
1.341 20.07 55.32
1.342 20.05 55.32
1.342 20.04 55.32
1.343 20.03 55.32
1.344 20.02 55.32
1.345 20.01 55.32
1.345 20 55.32
1.346 19.99 55.32
1.346 19.98 55.32
1.346 19.98 55.32
1.347 19.97 55.32
1.347 19.96 55.32
1.348 19.96 55.32
1.348 19.95 55.32
1.349 19.94 55.32
1.349 19.93 55.32
1.35 19.93 55.32
1.351 19.91 55.32
1.351 19.9 55.32
1.352 19.89 55.32
1.353 19.88 55.32
1.354 19.87 55.32
1.354 19.86 55.32
1.355 19.85 55.32
1.356 19.84 55.32
1.357 19.82 55.32
1.358 19.81 55.32
1.358 19.8 55.32
1.359 19.79 55.32
1.36 19.78 55.32
1.36 19.77 55.32
1.36 19.77 55.32
1.361 19.76 55.32
1.361 19.75 55.32
1.362 19.75 55.32
1.362 19.74 55.32
1.362 19.74 55.32
1.362 19.73 55.32
1.362 19.73 55.32
1.363 19.72 55.32
1.363 19.71 55.32
1.364 19.71 55.32
1.364 19.7 55.32
1.365 19.7 55.32
1.365 19.69 55.32
1.366 19.69 55.32
1.366 19.68 55.32
1.366 19.68 55.32
1.367 19.68 55.32
1.367 19.67 55.32
1.367 19.66 55.32
1.368 19.65 55.32
1.369 19.64 55.32
1.369 19.64 55.32
1.369 19.63 55.32
1.37 19.63 55.32
1.37 19.62 55.32
1.371 19.61 55.32
1.371 19.6 55.32
1.372 19.6 55.32
1.372 19.59 55.32
1.372 19.58 55.32
1.373 19.57 55.32
1.374 19.56 55.32
1.374 19.55 55.32
1.375 19.54 55.32
1.375 19.54 55.32
1.376 19.53 55.32
1.377 19.51 55.32
1.378 19.5 55.32
1.378 19.5 55.32
1.379 19.49 55.32
1.379 19.48 55.32
1.38 19.48 55.32
1.38 19.47 55.32
1.38 19.46 55.32
1.381 19.45 55.32
1.382 19.44 55.32
1.382 19.43 55.32
1.383 19.42 55.32
1.384 19.41 55.32
1.384 19.41 55.32
1.385 19.39 55.32
1.385 19.39 55.32
1.386 19.38 55.32
1.387 19.37 55.32
1.388 19.36 55.32
1.388 19.34 55.32
1.389 19.33 55.32
1.389 19.33 55.32
1.39 19.32 55.32
1.391 19.31 55.32
1.391 19.31 55.32
1.391 19.3 55.32
1.391 19.3 55.32
1.392 19.29 55.32
1.393 19.28 55.32
1.393 19.27 55.32
1.394 19.26 55.32
1.394 19.26 55.32
1.395 19.25 55.32
1.395 19.25 55.32
1.395 19.24 55.32
1.396 19.23 55.32
1.397 19.22 55.32
1.398 19.21 55.32
1.398 19.2 55.32
1.4 19.18 55.32
1.401 19.17 55.32
1.401 19.16 55.32
1.402 19.15 55.32
1.402 19.14 55.32
1.403 19.12 55.32
1.404 19.11 55.32
1.405 19.1 55.32
1.406 19.09 55.32
1.406 19.08 55.32
1.407 19.08 55.32
1.407 19.07 55.32
1.408 19.06 55.32
1.408 19.06 55.32
1.408 19.05 55.32
1.409 19.04 55.32
1.41 19.03 55.32
1.41 19.02 55.32
1.411 19.02 55.32
1.411 19.01 55.32
1.412 18.99 55.32
1.413 18.98 55.32
1.414 18.97 55.32
1.415 18.97 55.32
1.416 18.95 55.32
1.417 18.94 55.32
1.417 18.92 55.32
1.418 18.91 55.32
1.419 18.9 55.32
1.42 18.89 55.32
1.421 18.88 55.32
1.422 18.86 55.32
1.423 18.85 55.32
1.424 18.84 55.32
1.425 18.82 55.32
1.426 18.81 55.32
1.427 18.79 55.32
1.428 18.78 55.32
1.429 18.77 55.32
1.43 18.76 55.32
1.43 18.75 55.32
1.431 18.74 55.32
1.432 18.74 55.32
1.432 18.73 55.32
1.433 18.72 55.32
1.434 18.71 55.32
1.435 18.69 55.32
1.435 18.69 55.32
1.436 18.68 55.32
1.436 18.67 55.32
1.437 18.66 55.32
1.439 18.64 55.32
1.44 18.62 55.32
1.441 18.61 55.32
1.442 18.59 55.32
1.443 18.58 55.32
1.443 18.57 55.32
1.444 18.56 55.32
1.445 18.55 55.32
1.445 18.55 55.32
1.446 18.54 55.32
1.447 18.53 55.32
1.447 18.52 55.32
1.447 18.51 55.32
1.448 18.5 55.32
1.449 18.5 55.32
1.449 18.48 55.32
1.45 18.47 55.32
1.452 18.45 55.32
1.453 18.44 55.31
1.454 18.43 55.32
1.454 18.42 55.32
1.455 18.4 55.31
1.456 18.39 55.32
1.458 18.38 55.32
1.459 18.37 55.32
1.459 18.36 55.31
1.461 18.34 55.31
1.462 18.34 55.31
1.462 18.32 55.31
1.463 18.31 55.31
1.464 18.3 55.31
1.464 18.3 55.31
1.466 18.29 55.31
1.467 18.27 55.31
1.467 18.27 55.31
1.468 18.26 55.31
1.469 18.25 55.31
1.47 18.23 55.31
1.471 18.22 55.31
1.472 18.21 55.31
1.473 18.19 55.31
1.474 18.17 55.31
1.476 18.15 55.31
1.477 18.14 55.31
1.478 18.12 55.31
1.479 18.11 55.31
1.48 18.09 55.31
1.481 18.08 55.31
1.482 18.07 55.31
1.483 18.06 55.31
1.483 18.05 55.31
1.484 18.04 55.31
1.485 18.03 55.31
1.486 18.01 55.31
1.487 18 55.31
1.488 17.99 55.31
1.488 17.99 55.31
1.488 17.98 55.31
1.489 17.97 55.31
1.491 17.96 55.31
1.492 17.95 55.31
1.493 17.93 55.31
1.495 17.91 55.31
1.497 17.89 55.31
1.498 17.88 55.31
1.499 17.86 55.31
1.5 17.85 55.31
1.501 17.84 55.31
1.502 17.83 55.31
1.503 17.82 55.31
1.504 17.8 55.31
1.505 17.79 55.31
1.506 17.79 55.31
1.506 17.78 55.31
1.507 17.77 55.31
1.508 17.76 55.31
1.509 17.75 55.31
1.509 17.73 55.31
1.51 17.72 55.31
1.511 17.71 55.31
1.512 17.7 55.31
1.513 17.69 55.31
1.514 17.68 55.31
1.514 17.67 55.31
1.515 17.65 55.31
1.517 17.64 55.31
1.518 17.63 55.31
1.519 17.61 55.31
1.52 17.6 55.31
1.52 17.59 55.31
1.521 17.59 55.31
1.521 17.59 55.31
1.521 17.58 55.31
1.522 17.57 55.31
1.522 17.57 55.31
1.522 17.57 55.31
1.523 17.56 55.3
1.523 17.55 55.3
1.524 17.54 55.31
1.524 17.54 55.3
1.524 17.53 55.3
1.525 17.53 55.3
1.526 17.52 55.3
1.527 17.51 55.3
1.527 17.5 55.3
1.528 17.49 55.3
1.529 17.48 55.3
1.529 17.47 55.3
1.531 17.46 55.3
1.532 17.45 55.3
1.533 17.44 55.3
1.533 17.44 55.3
1.535 17.43 55.3
1.536 17.41 55.3
1.537 17.4 55.3
1.537 17.4 55.3
1.538 17.39 55.3
1.538 17.38 55.3
1.539 17.37 55.3
1.54 17.36 55.3
1.54 17.36 55.3
1.541 17.35 55.3
1.542 17.34 55.3
1.543 17.33 55.3
1.543 17.32 55.3
1.544 17.31 55.3
1.545 17.3 55.3
1.546 17.29 55.3
1.547 17.28 55.3
1.547 17.28 55.3
1.548 17.27 55.3
1.548 17.26 55.3
1.549 17.25 55.3
1.55 17.24 55.3
1.552 17.22 55.3
1.552 17.21 55.3
1.553 17.21 55.3
1.554 17.2 55.3
1.554 17.19 55.3
1.555 17.18 55.3
1.556 17.17 55.3
1.557 17.16 55.3
1.558 17.15 55.3
1.558 17.15 55.3
1.559 17.14 55.3
1.559 17.13 55.3
1.56 17.12 55.3
1.56 17.12 55.3
1.561 17.11 55.3
1.562 17.11 55.3
1.563 17.09 55.3
1.563 17.08 55.3
1.564 17.07 55.3
1.565 17.06 55.3
1.566 17.05 55.3
1.567 17.04 55.3
1.567 17.03 55.29
1.568 17.02 55.29
1.569 17.01 55.29
1.57 16.99 55.29
1.571 16.98 55.29
1.572 16.97 55.29
1.574 16.96 55.29
1.575 16.94 55.29
1.577 16.93 55.29
1.578 16.91 55.29
1.578 16.91 55.29
1.579 16.9 55.29
1.58 16.89 55.29
1.581 16.89 55.29
1.582 16.88 55.29
1.582 16.87 55.29
1.583 16.86 55.29
1.584 16.85 55.29
1.585 16.84 55.29
1.586 16.82 55.29
1.588 16.81 55.29
1.589 16.8 55.29
1.589 16.79 55.29
1.59 16.79 55.29
1.591 16.78 55.29
1.592 16.77 55.29
1.593 16.75 55.29
1.593 16.75 55.29
1.594 16.74 55.29
1.595 16.73 55.29
1.597 16.71 55.29
1.598 16.7 55.29
1.599 16.68 55.29
1.6 16.68 55.29
1.6 16.67 55.29
1.601 16.67 55.29
1.601 16.66 55.29
1.601 16.66 55.29
1.602 16.65 55.29
1.602 16.65 55.29
1.603 16.65 55.29
1.603 16.64 55.29
1.603 16.64 55.29
1.604 16.63 55.29
1.605 16.62 55.29
1.605 16.62 55.29
1.605 16.61 55.29
1.606 16.6 55.29
1.607 16.59 55.29
1.608 16.58 55.29
1.609 16.57 55.29
1.61 16.56 55.29
1.611 16.55 55.29
1.612 16.54 55.29
1.612 16.52 55.29
1.614 16.52 55.29
1.615 16.5 55.29
1.616 16.5 55.29
1.617 16.49 55.29
1.618 16.48 55.29
1.618 16.47 55.29
1.619 16.47 55.29
1.62 16.46 55.29
1.62 16.45 55.29
1.621 16.44 55.29
1.622 16.43 55.29
1.623 16.43 55.29
1.624 16.42 55.29
1.625 16.41 55.29
1.626 16.4 55.29
1.627 16.39 55.29
1.628 16.38 55.29
1.629 16.37 55.29
1.629 16.37 55.29
1.63 16.36 55.29
1.631 16.35 55.29
1.632 16.34 55.29
1.632 16.33 55.29
1.633 16.33 55.29
1.634 16.32 55.29
1.634 16.32 55.29
1.635 16.31 55.29
1.635 16.3 55.29
1.636 16.29 55.29
1.636 16.28 55.29
1.637 16.27 55.29
1.638 16.26 55.29
1.639 16.26 55.29
1.639 16.24 55.29
1.64 16.23 55.28
1.642 16.22 55.28
1.643 16.21 55.28
1.644 16.2 55.28
1.644 16.19 55.28
1.645 16.17 55.28
1.646 16.17 55.28
1.647 16.16 55.28
1.647 16.14 55.28
1.649 16.13 55.28
1.65 16.11 55.28
1.651 16.1 55.28
1.651 16.09 55.28
1.652 16.08 55.28
1.653 16.07 55.28
1.654 16.06 55.28
1.655 16.04 55.28
1.657 16.03 55.28
1.658 16 55.28
1.66 15.99 55.28
1.661 15.98 55.28
1.662 15.96 55.28
1.664 15.96 55.28
1.665 15.95 55.28
1.665 15.95 55.28
1.666 15.94 55.28
1.667 15.94 55.28
1.668 15.92 55.28
1.669 15.91 55.28
1.67 15.9 55.28
1.671 15.9 55.28
1.672 15.89 55.28
1.673 15.89 55.28
1.673 15.88 55.28
1.674 15.87 55.28
1.675 15.87 55.28
1.676 15.86 55.28
1.677 15.86 55.28
1.678 15.86 55.28
1.679 15.86 55.28
1.68 15.85 55.28
1.681 15.84 55.28
1.681 15.83 55.28
1.683 15.82 55.28
1.684 15.79 55.28
1.687 15.76 55.28
1.689 15.73 55.27
1.691 15.72 55.28
1.692 15.7 55.27
1.693 15.69 55.27
1.694 15.67 55.27
1.695 15.67 55.27
1.696 15.66 55.27
1.697 15.65 55.27
1.698 15.63 55.27
1.7 15.6 55.27
1.701 15.6 55.27
1.703 15.58 55.27
1.705 15.56 55.27
1.707 15.55 55.27
1.708 15.53 55.27
1.709 15.52 55.27
1.711 15.51 55.27
1.713 15.49 55.27
1.715 15.48 55.27
1.716 15.46 55.27
1.718 15.46 55.27
1.719 15.45 55.27
1.72 15.44 55.27
1.721 15.43 55.27
1.722 15.43 55.27
1.724 15.41 55.27
1.726 15.41 55.27
1.727 15.41 55.27
1.729 15.39 55.27
1.731 15.38 55.27
1.733 15.36 55.27
1.735 15.35 55.27
1.736 15.33 55.27
1.737 15.32 55.27
1.739 15.31 55.27
1.74 15.29 55.27
1.741 15.28 55.27
1.742 15.27 55.27
1.743 15.25 55.27
1.744 15.24 55.27
1.744 15.23 55.27
1.745 15.22 55.27
1.748 15.2 55.27
1.749 15.19 55.27
1.749 15.18 55.27
1.75 15.18 55.27
1.75 15.17 55.26
1.751 15.16 55.26
1.751 15.16 55.26
1.752 15.15 55.26
1.752 15.14 55.26
1.753 15.14 55.26
1.754 15.12 55.26
1.755 15.11 55.26
1.756 15.11 55.26
1.758 15.1 55.26
1.759 15.08 55.26
1.76 15.07 55.26
1.761 15.07 55.26
1.762 15.06 55.26
1.763 15.05 55.26
1.764 15.04 55.26
1.765 15.03 55.26
1.767 15.01 55.26
1.768 15.01 55.26
1.768 15.01 55.26
1.768 15 55.26
1.769 15 55.26
1.771 14.99 55.26
1.773 14.98 55.26
1.776 14.96 55.26
1.778 14.95 55.26
1.779 14.94 55.26
1.78 14.94 55.26
1.78 14.92 55.26
1.781 14.92 55.26
1.782 14.91 55.26
1.783 14.91 55.26
1.784 14.9 55.26
1.786 14.87 55.26
1.789 14.85 55.26
1.792 14.82 55.26
1.794 14.81 55.26
1.796 14.79 55.26
1.797 14.77 55.26
1.798 14.77 55.26
1.799 14.76 55.26
1.8 14.76 55.26
1.801 14.75 55.26
1.802 14.74 55.26
1.803 14.72 55.26
1.804 14.71 55.26
1.805 14.7 55.26
1.808 14.67 55.26
1.809 14.66 55.26
1.81 14.65 55.26
1.812 14.64 55.26
1.813 14.62 55.26
1.814 14.61 55.26
1.814 14.61 55.26
1.814 14.61 55.26
1.815 14.61 55.26
1.816 14.6 55.26
1.817 14.59 55.26
1.818 14.59 55.26
1.819 14.58 55.26
1.819 14.57 55.26
1.82 14.56 55.26
1.821 14.55 55.26
1.822 14.55 55.26
1.824 14.54 55.26
1.825 14.54 55.26
1.826 14.53 55.26
1.826 14.52 55.26
1.828 14.51 55.26
1.829 14.5 55.26
1.83 14.49 55.26
1.832 14.48 55.26
1.833 14.47 55.26
1.834 14.46 55.26
1.836 14.45 55.26
1.837 14.44 55.26
1.839 14.43 55.26
1.84 14.41 55.25
1.843 14.38 55.25
1.844 14.36 55.25
1.845 14.36 55.26
1.846 14.35 55.25
1.847 14.34 55.25
1.848 14.34 55.25
1.85 14.33 55.25
1.851 14.32 55.25
1.852 14.3 55.25
1.853 14.3 55.25
1.854 14.29 55.25
1.855 14.28 55.25
1.856 14.27 55.25
1.858 14.26 55.25
1.858 14.25 55.25
1.859 14.25 55.25
1.86 14.24 55.25
1.86 14.24 55.25
1.86 14.23 55.25
1.861 14.23 55.25
1.861 14.22 55.25
1.862 14.22 55.25
1.862 14.21 55.25
1.862 14.22 55.25
1.862 14.21 55.25
1.862 14.21 55.25
1.862 14.21 55.25
1.862 14.2 55.25
1.863 14.19 55.25
1.864 14.18 55.25
1.865 14.18 55.25
1.866 14.18 55.25
1.866 14.17 55.25
1.868 14.16 55.25
1.869 14.15 55.25
1.87 14.14 55.25
1.871 14.13 55.25
1.872 14.12 55.25
1.874 14.1 55.25
1.876 14.1 55.25
1.877 14.09 55.25
1.879 14.08 55.25
1.88 14.07 55.25
1.881 14.06 55.25
1.882 14.05 55.24
1.883 14.05 55.25
1.883 14.05 55.25
1.885 14.04 55.25
1.887 14.02 55.25
1.888 14.02 55.24
1.89 14 55.24
1.891 14 55.24
1.892 13.99 55.24
1.893 13.98 55.24
1.895 13.97 55.24
1.896 13.96 55.24
1.897 13.95 55.24
1.899 13.94 55.24
1.9 13.93 55.24
1.901 13.93 55.24
1.902 13.92 55.24
1.903 13.9 55.24
1.904 13.89 55.24
1.906 13.89 55.24
1.907 13.88 55.24
1.909 13.85 55.24
1.91 13.85 55.24
1.911 13.84 55.24
1.911 13.84 55.24
1.912 13.84 55.24
1.913 13.83 55.24
1.914 13.82 55.24
1.914 13.81 55.24
1.915 13.81 55.24
1.916 13.8 55.24
1.917 13.78 55.24
1.918 13.77 55.24
1.919 13.78 55.24
1.919 13.76 55.24
1.92 13.76 55.24
1.921 13.74 55.24
1.922 13.74 55.24
1.922 13.74 55.24
1.923 13.73 55.24
1.924 13.72 55.24
1.925 13.72 55.24
1.925 13.71 55.24
1.927 13.7 55.24
1.927 13.69 55.24
1.928 13.68 55.24
1.929 13.68 55.24
1.93 13.67 55.24
1.931 13.66 55.24
1.933 13.64 55.24
1.934 13.63 55.24
1.935 13.62 55.24
1.937 13.62 55.24
1.939 13.6 55.24
1.94 13.6 55.24
1.941 13.59 55.24
1.942 13.58 55.24
1.943 13.58 55.24
1.944 13.57 55.23
1.945 13.56 55.24
1.946 13.56 55.24
1.947 13.55 55.23
1.948 13.54 55.23
1.949 13.54 55.23
1.95 13.53 55.23
1.95 13.52 55.23
1.952 13.52 55.23
1.952 13.52 55.23
1.953 13.51 55.23
1.954 13.51 55.23
1.955 13.5 55.23
1.957 13.49 55.23
1.959 13.48 55.23
1.96 13.47 55.23
1.961 13.47 55.23
1.962 13.46 55.23
1.964 13.44 55.23
1.966 13.43 55.23
1.967 13.42 55.23
1.968 13.4 55.23
1.97 13.4 55.23
1.971 13.39 55.23
1.972 13.38 55.23
1.973 13.38 55.23
1.973 13.37 55.23
1.975 13.36 55.23
1.976 13.36 55.23
1.976 13.35 55.23
1.977 13.34 55.23
1.978 13.33 55.23
1.978 13.33 55.23
1.979 13.32 55.23
1.98 13.32 55.23
1.981 13.32 55.23
1.982 13.3 55.23
1.984 13.28 55.23
1.985 13.27 55.23
1.986 13.27 55.23
1.987 13.26 55.23
1.989 13.25 55.23
1.99 13.23 55.23
1.992 13.22 55.23
1.994 13.21 55.23
1.996 13.2 55.23
1.996 13.19 55.23
1.997 13.18 55.23
1.998 13.18 55.23
2 13.17 55.23
2.002 13.15 55.23
2.005 13.13 55.23
2.006 13.13 55.23
2.007 13.12 55.23
2.008 13.12 55.23
2.009 13.11 55.23
2.009 13.1 55.23
2.01 13.1 55.23
2.012 13.1 55.23
2.014 13.08 55.23
2.016 13.06 55.23
2.019 13.05 55.23
2.02 13.05 55.23
2.022 13.03 55.23
2.025 13.01 55.23
2.028 13 55.23
2.03 12.99 55.23
2.031 12.98 55.23
2.033 12.96 55.23
2.034 12.96 55.23
2.035 12.94 55.23
2.038 12.92 55.23
2.04 12.91 55.23
2.041 12.9 55.23
2.042 12.9 55.23
2.043 12.9 55.23
2.044 12.88 55.23
2.046 12.87 55.23
2.048 12.86 55.23
2.049 12.85 55.23
2.05 12.85 55.23
2.052 12.84 55.23
2.054 12.81 55.23
2.055 12.81 55.23
2.057 12.79 55.23
2.058 12.79 55.23
2.06 12.76 55.23
2.062 12.75 55.23
2.063 12.73 55.23
2.065 12.72 55.23
2.069 12.7 55.22
2.073 12.68 55.22
2.076 12.67 55.22
2.076 12.66 55.22
2.077 12.66 55.22
2.079 12.65 55.22
2.08 12.64 55.22
2.083 12.63 55.22
2.084 12.61 55.22
2.085 12.6 55.22
2.087 12.6 55.22
2.088 12.59 55.22
2.088 12.6 55.22
2.089 12.59 55.22
2.091 12.58 55.22
2.092 12.57 55.22
2.093 12.55 55.22
2.095 12.55 55.22
2.095 12.54 55.22
2.096 12.53 55.22
2.098 12.53 55.22
2.099 12.51 55.22
2.1 12.51 55.22
2.102 12.5 55.22
2.103 12.49 55.22
2.105 12.48 55.22
2.107 12.47 55.22
2.109 12.45 55.22
2.111 12.44 55.22
2.113 12.43 55.22
2.114 12.43 55.22
2.115 12.42 55.22
2.116 12.41 55.22
2.118 12.4 55.22
2.119 12.39 55.22
2.121 12.38 55.22
2.122 12.38 55.22
2.122 12.38 55.22
2.124 12.35 55.22
2.125 12.34 55.21
2.127 12.34 55.21
2.129 12.32 55.21
2.13 12.3 55.21
2.132 12.29 55.21
2.134 12.28 55.21
2.136 12.27 55.21
2.137 12.26 55.21
2.139 12.25 55.21
2.14 12.23 55.21
2.143 12.22 55.21
2.145 12.21 55.21
2.147 12.19 55.21
2.149 12.19 55.21
2.151 12.18 55.21
2.153 12.17 55.21
2.155 12.17 55.21
2.157 12.14 55.21
2.159 12.13 55.21
2.161 12.13 55.21
2.164 12.11 55.21
2.166 12.09 55.21
2.168 12.1 55.21
2.17 12.07 55.21
2.172 12.06 55.21
2.174 12.06 55.21
2.176 12.04 55.21
2.178 12.04 55.21
2.179 12.02 55.21
2.181 12.01 55.21
2.183 12 55.21
2.184 12 55.21
2.187 11.98 55.21
2.189 11.96 55.21
2.191 11.96 55.21
2.193 11.95 55.21
2.195 11.94 55.2
2.197 11.92 55.2
2.198 11.91 55.21
2.198 11.91 55.2
2.2 11.91 55.2
2.202 11.89 55.2
2.204 11.88 55.2
2.205 11.87 55.2
2.207 11.86 55.2
2.208 11.86 55.2
2.209 11.85 55.2
2.211 11.84 55.2
2.212 11.82 55.2
2.214 11.81 55.2
2.215 11.8 55.2
2.216 11.79 55.2
2.217 11.79 55.2
2.218 11.78 55.2
2.219 11.77 55.2
2.22 11.76 55.2
2.221 11.76 55.2
2.221 11.76 55.2
2.223 11.76 55.2
2.227 11.74 55.2
2.231 11.71 55.2
2.234 11.7 55.2
2.237 11.68 55.2
2.24 11.66 55.2
2.242 11.66 55.2
2.245 11.65 55.2
2.246 11.65 55.2
2.248 11.64 55.2
2.248 11.63 55.2
2.249 11.62 55.2
2.25 11.62 55.2
2.251 11.61 55.2
2.253 11.6 55.2
2.255 11.6 55.19
2.256 11.59 55.19
2.257 11.58 55.19
2.259 11.58 55.19
2.26 11.57 55.19
2.26 11.57 55.19
2.261 11.56 55.19
2.262 11.55 55.19
2.263 11.55 55.19
2.264 11.55 55.19
2.265 11.54 55.19
2.265 11.54 55.19
2.267 11.53 55.19
2.268 11.53 55.19
2.269 11.52 55.19
2.271 11.51 55.19
2.273 11.49 55.19
2.274 11.49 55.19
2.275 11.48 55.19
2.276 11.49 55.19
2.276 11.48 55.19
2.277 11.46 55.19
2.278 11.46 55.19
2.279 11.46 55.19
2.28 11.45 55.19
2.281 11.45 55.19
2.282 11.45 55.19
2.282 11.45 55.19
2.283 11.44 55.19
2.285 11.44 55.19
2.286 11.43 55.19
2.288 11.41 55.19
2.29 11.4 55.19
2.292 11.39 55.19
2.294 11.38 55.19
2.296 11.37 55.19
2.298 11.35 55.19
2.3 11.35 55.19
2.301 11.34 55.19
2.302 11.32 55.19
2.303 11.32 55.19
2.304 11.31 55.19
2.307 11.3 55.19
2.31 11.29 55.19
2.314 11.28 55.19
2.317 11.26 55.19
2.32 11.24 55.19
2.323 11.23 55.19
2.327 11.22 55.19
2.328 11.2 55.19
2.329 11.21 55.19
2.33 11.2 55.19
2.331 11.19 55.19
2.333 11.18 55.19
2.334 11.18 55.19
2.336 11.17 55.19
2.339 11.16 55.19
2.341 11.15 55.19
2.344 11.13 55.19
2.346 11.12 55.19
2.348 11.12 55.19
2.35 11.11 55.19
2.352 11.1 55.19
2.353 11.08 55.19
2.354 11.08 55.19
2.355 11.07 55.18
2.355 11.07 55.19
2.356 11.07 55.18
2.357 11.06 55.18
2.358 11.06 55.18
2.36 11.05 55.18
2.361 11.04 55.18
2.363 11.04 55.18
2.364 11.03 55.18
2.366 11.02 55.18
2.367 11.01 55.18
2.368 11.01 55.18
2.369 11 55.18
2.37 11 55.18
2.372 10.99 55.18
2.374 10.98 55.18
2.376 10.96 55.18
2.379 10.95 55.18
2.38 10.94 55.18
2.382 10.94 55.18
2.384 10.93 55.18
2.386 10.91 55.18
2.388 10.9 55.18
2.39 10.89 55.18
2.391 10.88 55.18
2.393 10.86 55.18
2.395 10.85 55.18
2.398 10.84 55.18
2.4 10.83 55.18
2.403 10.82 55.18
2.406 10.81 55.18
2.406 10.8 55.18
2.407 10.79 55.18
2.409 10.79 55.18
2.409 10.79 55.18
2.409 10.79 55.18
2.41 10.78 55.18
2.413 10.77 55.18
2.416 10.75 55.17
2.418 10.75 55.17
2.42 10.74 55.17
2.422 10.74 55.17
2.424 10.73 55.17
2.425 10.72 55.17
2.427 10.71 55.17
2.428 10.7 55.17
2.43 10.69 55.17
2.432 10.69 55.17
2.434 10.68 55.17
2.438 10.65 55.17
2.44 10.65 55.17
2.442 10.64 55.17
2.445 10.64 55.17
2.449 10.62 55.17
2.451 10.6 55.17
2.453 10.6 55.17
2.456 10.59 55.17
2.457 10.59 55.17
2.457 10.58 55.17
2.457 10.58 55.17
2.458 10.57 55.17
2.463 10.55 55.17
2.469 10.53 55.17
2.476 10.51 55.17
2.482 10.49 55.17
2.485 10.47 55.17
2.487 10.45 55.17
2.488 10.45 55.17
2.489 10.44 55.17
2.491 10.43 55.17
2.493 10.41 55.17
2.495 10.4 55.17
2.497 10.39 55.17
2.497 10.39 55.17
2.5 10.38 55.17
2.502 10.37 55.17
2.504 10.35 55.16
2.506 10.35 55.16
2.508 10.34 55.16
2.51 10.34 55.16
2.512 10.33 55.16
2.515 10.3 55.17
2.52 10.3 55.16
2.524 10.27 55.16
2.528 10.26 55.16
2.532 10.25 55.16
2.534 10.25 55.16
2.536 10.23 55.16
2.542 10.21 55.16
2.548 10.19 55.16
2.552 10.17 55.16
2.556 10.16 55.16
2.558 10.15 55.16
2.56 10.15 55.16
2.562 10.14 55.16
2.564 10.13 55.16
2.566 10.11 55.16
2.57 10.1 55.16
2.574 10.08 55.16
2.576 10.07 55.16
2.577 10.07 55.16
2.58 10.05 55.16
2.584 10.04 55.16
2.586 10.03 55.16
2.589 10.02 55.16
2.592 10 55.16
2.595 10 55.16
2.598 9.98 55.16
2.601 9.97 55.16
2.603 9.95 55.16
2.606 9.94 55.16
2.608 9.94 55.16
2.61 9.92 55.16
2.61 9.91 55.16
2.609 9.92 55.16
2.61 9.91 55.16
2.61 9.91 55.16
2.611 9.9 55.16
2.614 9.88 55.16
2.617 9.88 55.16
2.621 9.86 55.16
2.625 9.85 55.16
2.631 9.83 55.16
2.636 9.81 55.16
2.64 9.8 55.16
2.644 9.79 55.16
2.65 9.76 55.16
2.654 9.74 55.16
2.656 9.74 55.16
2.658 9.74 55.16
2.661 9.73 55.16
2.664 9.71 55.16
2.669 9.7 55.16
2.673 9.68 55.16
2.676 9.67 55.16
2.68 9.65 55.16
2.684 9.64 55.16
2.689 9.63 55.16
2.694 9.61 55.16
2.699 9.58 55.16
2.703 9.58 55.16
2.705 9.56 55.16
2.708 9.55 55.16
2.711 9.54 55.16
2.714 9.53 55.16
2.716 9.52 55.16
2.717 9.5 55.16
2.718 9.5 55.16
2.72 9.48 55.16
2.722 9.48 55.16
2.724 9.47 55.15
2.726 9.46 55.15
2.728 9.43 55.15
2.73 9.42 55.15
2.731 9.42 55.15
2.732 9.42 55.15
2.731 9.42 55.15
2.731 9.42 55.15
2.731 9.42 55.15
2.731 9.42 55.15
2.731 9.42 55.15
2.73 9.42 55.15
2.73 9.42 55.15
2.73 9.42 55.15
2.73 9.42 55.15
2.73 9.42 55.15
2.73 9.42 55.15
2.731 9.42 55.15
2.733 9.42 55.15
2.741 9.38 55.15
2.749 9.37 55.15
2.754 9.34 55.15
2.758 9.33 55.15
2.761 9.33 55.15
2.765 9.32 55.15
2.767 9.31 55.15
2.77 9.3 55.15
2.772 9.29 55.15
2.774 9.28 55.15
2.776 9.27 55.15
2.778 9.26 55.15
2.779 9.26 55.15
2.781 9.25 55.15
2.785 9.24 55.15
2.79 9.22 55.15
2.796 9.21 55.15
2.8 9.2 55.15
2.805 9.18 55.14
2.81 9.16 55.15
2.813 9.16 55.15
2.816 9.15 55.14
2.819 9.13 55.15
2.825 9.12 55.14
2.835 9.09 55.14
2.843 9.06 55.14
2.851 9.03 55.14
2.858 9 55.14
2.866 8.96 55.14
2.868 8.95 55.14
2.871 8.94 55.14
2.875 8.92 55.14
2.877 8.91 55.14
2.879 8.9 55.14
2.884 8.89 55.14
2.891 8.86 55.14
2.895 8.86 55.14
2.897 8.86 55.14
2.898 8.85 55.14
2.903 8.83 55.14
2.906 8.82 55.14
2.91 8.81 55.14
2.914 8.81 55.14
2.917 8.8 55.14
2.921 8.78 55.14
2.925 8.76 55.14
2.926 8.76 55.14
2.927 8.76 55.14
2.929 8.75 55.14
2.931 8.75 55.14
2.932 8.75 55.14
2.935 8.73 55.14
2.938 8.72 55.14
2.942 8.71 55.14
2.944 8.7 55.14
2.946 8.7 55.14
2.949 8.7 55.14
2.95 8.69 55.14
2.952 8.67 55.14
2.954 8.66 55.13
2.957 8.66 55.13
2.96 8.65 55.14
2.964 8.65 55.13
2.969 8.62 55.13
2.972 8.62 55.13
2.975 8.61 55.13
2.979 8.59 55.13
2.982 8.58 55.13
2.985 8.58 55.13
2.987 8.57 55.13
2.99 8.55 55.13
2.995 8.54 55.13
3 8.52 55.13
3.004 8.51 55.13
3.008 8.49 55.13
3.01 8.47 55.13
3.014 8.46 55.13
3.019 8.44 55.13
3.026 8.43 55.13
3.036 8.41 55.13
3.045 8.39 55.13
3.052 8.37 55.13
3.059 8.35 55.13
3.063 8.35 55.13
3.068 8.33 55.13
3.07 8.32 55.13
3.072 8.31 55.13
3.075 8.31 55.13
3.077 8.3 55.13
3.08 8.29 55.13
3.082 8.29 55.13
3.083 8.27 55.13
3.085 8.27 55.13
3.087 8.26 55.13
3.09 8.25 55.13
3.092 8.25 55.13
3.094 8.24 55.13
3.096 8.24 55.13
3.097 8.24 55.13
3.099 8.23 55.13
3.101 8.22 55.13
3.102 8.21 55.13
3.104 8.21 55.13
3.108 8.2 55.13
3.113 8.19 55.13
3.119 8.17 55.13
3.122 8.17 55.13
3.126 8.15 55.13
3.131 8.14 55.13
3.135 8.13 55.13
3.138 8.12 55.13
3.143 8.1 55.13
3.147 8.09 55.13
3.152 8.06 55.13
3.156 8.05 55.13
3.161 8.04 55.13
3.164 8.03 55.13
3.167 8.02 55.13
3.17 8.01 55.13
3.174 8 55.13
3.177 7.99 55.13
3.178 7.99 55.13
3.181 7.99 55.13
3.186 7.97 55.13
3.192 7.96 55.13
3.197 7.95 55.13
3.2 7.94 55.13
3.203 7.93 55.13
3.207 7.93 55.13
3.209 7.92 55.13
3.211 7.91 55.13
3.212 7.91 55.12
3.215 7.9 55.12
3.217 7.89 55.12
3.22 7.89 55.12
3.222 7.88 55.12
3.225 7.88 55.12
3.228 7.87 55.12
3.232 7.86 55.12
3.238 7.85 55.12
3.242 7.84 55.12
3.245 7.83 55.12
3.25 7.82 55.12
3.254 7.81 55.12
3.256 7.81 55.12
3.258 7.79 55.12
3.259 7.79 55.12
3.261 7.79 55.12
3.262 7.78 55.12
3.263 7.79 55.12
3.264 7.77 55.12
3.265 7.76 55.12
3.268 7.77 55.12
3.273 7.75 55.12
3.277 7.74 55.12
3.28 7.74 55.12
3.285 7.72 55.12
3.291 7.7 55.12
3.297 7.69 55.12
3.302 7.68 55.12
3.307 7.67 55.12
3.312 7.65 55.12
3.318 7.63 55.12
3.324 7.62 55.12
3.33 7.6 55.12
3.334 7.59 55.12
3.337 7.57 55.12
3.341 7.57 55.12
3.345 7.55 55.12
3.349 7.55 55.12
3.354 7.53 55.12
3.361 7.51 55.12
3.368 7.5 55.12
3.376 7.48 55.12
3.383 7.46 55.11
3.387 7.45 55.11
3.39 7.45 55.11
3.393 7.45 55.11
3.396 7.43 55.11
3.401 7.43 55.11
3.405 7.42 55.11
3.407 7.41 55.11
3.41 7.4 55.11
3.412 7.4 55.11
3.414 7.39 55.11
3.416 7.39 55.11
3.419 7.39 55.11
3.421 7.38 55.11
3.424 7.38 55.11
3.425 7.36 55.11
3.427 7.36 55.11
3.429 7.36 55.11
3.43 7.35 55.11
3.431 7.35 55.11
3.433 7.35 55.11
3.434 7.34 55.11
3.435 7.34 55.11
3.438 7.34 55.11
3.441 7.32 55.11
3.444 7.31 55.11
3.448 7.3 55.11
3.453 7.29 55.11
3.458 7.29 55.11
3.464 7.27 55.11
3.467 7.26 55.11
3.47 7.25 55.11
3.474 7.24 55.11
3.478 7.24 55.11
3.482 7.23 55.11
3.486 7.22 55.11
3.491 7.21 55.11
3.495 7.2 55.11
3.499 7.18 55.1
3.503 7.18 55.1
3.507 7.17 55.1
3.51 7.16 55.1
3.515 7.16 55.1
3.521 7.14 55.1
3.526 7.13 55.1
3.53 7.11 55.1
3.536 7.09 55.1
3.542 7.08 55.1
3.546 7.08 55.1
3.549 7.06 55.1
3.553 7.05 55.1
3.559 7.04 55.1
3.567 7.01 55.1
3.575 7 55.1
3.582 6.99 55.1
3.588 6.99 55.1
3.591 6.98 55.1
3.593 6.97 55.1
3.595 6.96 55.1
3.601 6.95 55.1
3.608 6.94 55.1
3.615 6.93 55.1
3.622 6.92 55.1
3.625 6.9 55.1
3.629 6.89 55.1
3.633 6.88 55.1
3.636 6.88 55.1
3.64 6.87 55.1
3.644 6.87 55.1
3.649 6.86 55.1
3.654 6.85 55.1
3.658 6.84 55.1
3.662 6.83 55.1
3.666 6.82 55.1
3.669 6.81 55.1
3.672 6.81 55.1
3.674 6.8 55.1
3.677 6.79 55.1
3.682 6.78 55.1
3.689 6.78 55.1
3.695 6.76 55.1
3.698 6.76 55.1
3.702 6.75 55.1
3.707 6.73 55.1
3.712 6.72 55.1
3.717 6.71 55.1
3.721 6.7 55.1
3.725 6.7 55.1
3.728 6.69 55.1
3.734 6.68 55.1
3.74 6.66 55.1
3.748 6.63 55.1
3.756 6.61 55.1
3.762 6.6 55.1
3.765 6.58 55.1
3.77 6.58 55.1
3.775 6.57 55.1
3.781 6.56 55.1
3.788 6.55 55.1
3.797 6.53 55.1
3.806 6.52 55.1
3.81 6.51 55.1
3.816 6.5 55.1
3.824 6.48 55.09
3.832 6.47 55.09
3.84 6.46 55.09
3.847 6.46 55.09
3.854 6.44 55.09
3.858 6.43 55.1
3.861 6.43 55.09
3.864 6.42 55.09
3.867 6.41 55.09
3.872 6.41 55.09
3.876 6.4 55.09
3.878 6.4 55.09
3.879 6.39 55.09
3.889 6.39 55.09
3.902 6.36 55.09
3.905 6.36 55.09
3.908 6.35 55.09
3.919 6.32 55.09
3.925 6.31 55.09
3.928 6.31 55.09
