3.866 6.31 55
3.858 6.31 55
3.851 6.33 55
3.845 6.34 55
3.839 6.36 55
3.832 6.38 55
3.825 6.39 55
3.818 6.41 55
3.812 6.41 55
3.807 6.42 55
3.802 6.43 55
3.796 6.44 54.99
3.789 6.46 54.99
3.783 6.47 54.99
3.777 6.48 54.99
3.772 6.48 54.99
3.766 6.5 54.99
3.761 6.51 54.99
3.756 6.52 54.99
3.752 6.53 54.99
3.749 6.52 54.99
3.746 6.54 54.99
3.742 6.55 54.99
3.74 6.55 54.99
3.736 6.56 54.99
3.73 6.57 54.99
3.724 6.58 54.99
3.72 6.59 54.99
3.716 6.59 54.99
3.713 6.61 54.99
3.709 6.61 54.99
3.705 6.61 54.99
3.702 6.62 54.99
3.7 6.62 54.99
3.696 6.64 54.99
3.693 6.64 54.99
3.691 6.65 54.99
3.687 6.65 54.99
3.684 6.66 54.99
3.682 6.67 54.99
3.681 6.67 54.99
3.675 6.68 54.99
3.666 6.69 54.99
3.657 6.72 54.99
3.647 6.73 54.99
3.638 6.74 54.99
3.633 6.76 54.98
3.629 6.77 54.98
3.622 6.79 54.99
3.615 6.8 54.98
3.61 6.81 54.98
3.603 6.83 54.98
3.599 6.83 54.98
3.595 6.84 54.98
3.591 6.84 54.98
3.585 6.85 54.98
3.58 6.88 54.98
3.576 6.89 54.98
3.571 6.89 54.98
3.567 6.91 54.98
3.561 6.93 54.98
3.555 6.93 54.98
3.549 6.95 54.98
3.542 6.97 54.98
3.536 6.98 54.98
3.53 6.99 54.98
3.526 7 54.98
3.522 7 54.98
3.516 7.02 54.98
3.512 7.03 54.98
3.51 7.04 54.98
3.507 7.05 54.98
3.504 7.06 54.98
3.501 7.07 54.98
3.498 7.07 54.98
3.495 7.08 54.98
3.491 7.09 54.98
3.486 7.09 54.98
3.481 7.1 54.98
3.479 7.12 54.98
3.48 7.13 54.98
3.48 7.13 54.98
3.479 7.12 54.98
3.472 7.14 54.98
3.466 7.15 54.98
3.463 7.16 54.98
3.457 7.16 54.98
3.45 7.17 54.98
3.45 7.18 54.98
3.449 7.18 54.98
3.437 7.2 54.98
3.428 7.22 54.98
3.427 7.23 54.97
3.416 7.24 54.97
3.413 7.25 54.97
3.414 7.26 54.98
3.406 7.27 54.97
3.4 7.29 54.97
3.398 7.29 54.97
3.393 7.3 54.97
3.387 7.31 54.97
3.383 7.33 54.97
3.377 7.34 54.97
3.37 7.36 54.97
3.367 7.37 54.97
3.365 7.37 54.97
3.363 7.39 54.97
3.359 7.4 54.97
3.355 7.41 54.97
3.352 7.41 54.97
3.348 7.43 54.97
3.345 7.43 54.97
3.343 7.43 54.97
3.338 7.45 54.97
3.335 7.46 54.97
3.334 7.46 54.97
3.332 7.47 54.97
3.329 7.48 54.97
3.327 7.49 54.97
3.323 7.49 54.97
3.317 7.51 54.97
3.311 7.52 54.97
3.31 7.53 54.97
3.31 7.53 54.97
3.306 7.54 54.97
3.3 7.55 54.97
3.296 7.56 54.97
3.291 7.57 54.97
3.286 7.58 54.97
3.282 7.59 54.97
3.277 7.6 54.97
3.269 7.61 54.97
3.265 7.63 54.97
3.261 7.64 54.97
3.254 7.66 54.97
3.249 7.66 54.97
3.246 7.68 54.97
3.238 7.69 54.97
3.235 7.7 54.97
3.232 7.7 54.97
3.226 7.72 54.97
3.223 7.73 54.97
3.22 7.74 54.97
3.214 7.74 54.97
3.213 7.75 54.97
3.212 7.76 54.97
3.207 7.76 54.97
3.204 7.77 54.97
3.201 7.78 54.97
3.197 7.8 54.97
3.193 7.81 54.97
3.19 7.81 54.97
3.187 7.83 54.97
3.18 7.84 54.97
3.174 7.86 54.97
3.171 7.86 54.97
3.169 7.88 54.97
3.165 7.89 54.97
3.162 7.89 54.97
3.159 7.9 54.97
3.157 7.92 54.97
3.156 7.92 54.97
3.153 7.93 54.97
3.148 7.95 54.97
3.143 7.95 54.97
3.137 7.97 54.97
3.135 7.97 54.97
3.134 7.97 54.97
3.129 7.99 54.97
3.126 7.99 54.97
3.123 8 54.97
3.12 8 54.97
3.114 8.02 54.97
3.109 8.04 54.97
3.109 8.04 54.97
3.109 8.04 54.97
3.109 8.05 54.97
3.108 8.05 54.97
3.106 8.05 54.96
3.101 8.06 54.96
3.096 8.08 54.96
3.091 8.09 54.96
3.087 8.09 54.96
3.084 8.1 54.96
3.077 8.12 54.96
3.069 8.15 54.96
3.06 8.17 54.96
3.051 8.19 54.96
3.049 8.2 54.96
3.044 8.21 54.96
3.037 8.24 54.96
3.034 8.24 54.96
3.031 8.25 54.96
3.028 8.25 54.96
3.024 8.27 54.96
3.019 8.28 54.96
3.015 8.3 54.96
3.01 8.31 54.96
3.005 8.33 54.96
3.003 8.34 54.96
2.999 8.35 54.96
2.994 8.36 54.96
2.993 8.37 54.96
2.991 8.37 54.96
2.988 8.4 54.96
2.987 8.4 54.96
2.984 8.41 54.96
2.98 8.42 54.96
2.979 8.42 54.96
2.978 8.42 54.96
2.975 8.43 54.96
2.974 8.44 54.96
2.975 8.44 54.96
2.971 8.45 54.96
2.962 8.47 54.96
2.955 8.49 54.96
2.951 8.51 54.96
2.95 8.51 54.96
2.95 8.51 54.96
2.949 8.51 54.96
2.948 8.52 54.96
2.947 8.52 54.96
2.947 8.53 54.96
2.946 8.53 54.96
2.943 8.53 54.95
2.939 8.55 54.95
2.937 8.56 54.95
2.937 8.56 54.95
2.937 8.56 54.95
2.935 8.56 54.95
2.934 8.57 54.95
2.933 8.58 54.95
2.931 8.58 54.95
2.928 8.58 54.95
2.925 8.59 54.95
2.923 8.6 54.95
2.921 8.61 54.95
2.918 8.62 54.95
2.916 8.61 54.95
2.914 8.62 54.95
2.908 8.65 54.95
2.902 8.66 54.95
2.899 8.66 54.95
2.896 8.68 54.95
2.893 8.69 54.95
2.889 8.7 54.95
2.887 8.71 54.95
2.886 8.71 54.95
2.885 8.72 54.95
2.883 8.72 54.95
2.881 8.72 54.95
2.881 8.73 54.95
2.878 8.73 54.95
2.876 8.75 54.95
2.874 8.75 54.95
2.871 8.76 54.95
2.867 8.77 54.95
2.864 8.78 54.95
2.862 8.8 54.95
2.859 8.8 54.95
2.856 8.81 54.95
2.852 8.83 54.94
2.85 8.83 54.95
2.848 8.84 54.95
2.847 8.86 54.94
2.844 8.86 54.95
2.841 8.87 54.94
2.837 8.87 54.94
2.833 8.89 54.94
2.83 8.9 54.94
2.828 8.91 54.94
2.827 8.92 54.94
2.825 8.92 54.94
2.822 8.93 54.94
2.818 8.94 54.94
2.813 8.95 54.94
2.807 8.98 54.94
2.806 8.98 54.94
2.805 8.99 54.94
2.802 9 54.94
2.797 9.01 54.94
2.795 9.02 54.94
2.793 9.03 54.94
2.79 9.05 54.94
2.787 9.05 54.94
2.786 9.06 54.94
2.778 9.08 54.94
2.774 9.08 54.94
2.774 9.09 54.94
2.773 9.1 54.94
2.772 9.11 54.94
2.771 9.11 54.94
2.766 9.12 54.94
2.76 9.15 54.94
2.758 9.16 54.94
2.754 9.16 54.94
2.75 9.18 54.94
2.744 9.21 54.94
2.739 9.21 54.94
2.737 9.22 54.94
2.734 9.23 54.94
2.732 9.24 54.94
2.729 9.26 54.94
2.726 9.26 54.94
2.723 9.27 54.94
2.719 9.29 54.94
2.718 9.3 54.94
2.718 9.31 54.94
2.717 9.31 54.94
2.716 9.32 54.94
2.713 9.32 54.94
2.711 9.33 54.94
2.708 9.34 54.94
2.706 9.36 54.94
2.703 9.36 54.94
2.7 9.37 54.94
2.7 9.37 54.94
2.698 9.38 54.94
2.695 9.39 54.94
2.694 9.39 54.94
2.694 9.4 54.94
2.69 9.41 54.94
2.687 9.42 54.94
2.686 9.42 54.94
2.684 9.43 54.94
2.68 9.43 54.94
2.678 9.46 54.94
2.677 9.45 54.94
2.675 9.46 54.94
2.673 9.48 54.94
2.671 9.48 54.94
2.668 9.48 54.94
2.665 9.49 54.94
2.663 9.51 54.94
2.659 9.52 54.94
2.657 9.53 54.94
2.654 9.54 54.94
2.651 9.55 54.94
2.649 9.56 54.94
2.646 9.57 54.94
2.641 9.59 54.94
2.638 9.61 54.94
2.637 9.6 54.94
2.632 9.63 54.94
2.628 9.64 54.94
2.625 9.64 54.94
2.623 9.67 54.94
2.621 9.68 54.94
2.617 9.69 54.94
2.613 9.7 54.93
2.611 9.71 54.93
2.609 9.73 54.93
2.606 9.73 54.93
2.603 9.75 54.93
2.598 9.75 54.93
2.595 9.78 54.93
2.592 9.79 54.93
2.59 9.79 54.93
2.588 9.8 54.93
2.585 9.83 54.93
2.582 9.84 54.93
2.581 9.84 54.93
2.581 9.85 54.93
2.579 9.84 54.93
2.578 9.86 54.93
2.577 9.85 54.93
2.575 9.85 54.93
2.574 9.86 54.93
2.572 9.87 54.93
2.571 9.88 54.93
2.569 9.88 54.93
2.567 9.9 54.93
2.566 9.9 54.93
2.565 9.91 54.93
2.564 9.91 54.93
2.56 9.93 54.93
2.558 9.94 54.93
2.556 9.95 54.93
2.554 9.94 54.93
2.552 9.96 54.93
2.552 9.95 54.93
2.55 9.97 54.93
2.546 9.99 54.93
2.543 10 54.93
2.542 10 54.93
2.538 10.01 54.93
2.535 10.02 54.93
2.533 10.03 54.93
2.531 10.04 54.93
2.528 10.05 54.92
2.526 10.05 54.92
2.523 10.06 54.92
2.521 10.08 54.92
2.521 10.07 54.92
2.521 10.07 54.92
2.519 10.08 54.92
2.515 10.1 54.92
2.514 10.1 54.92
2.513 10.12 54.92
2.509 10.14 54.92
2.506 10.15 54.92
2.504 10.15 54.92
2.502 10.17 54.92
2.5 10.18 54.92
2.497 10.19 54.92
2.496 10.19 54.92
2.495 10.2 54.92
2.49 10.21 54.92
2.488 10.22 54.92
2.487 10.23 54.92
2.485 10.24 54.92
2.482 10.25 54.92
2.48 10.26 54.92
2.478 10.26 54.92
2.477 10.28 54.92
2.474 10.29 54.92
2.473 10.3 54.92
2.471 10.3 54.91
2.47 10.3 54.91
2.469 10.31 54.92
2.469 10.31 54.92
2.467 10.32 54.92
2.466 10.34 54.92
2.466 10.34 54.92
2.464 10.34 54.92
2.462 10.34 54.92
2.46 10.35 54.92
2.457 10.36 54.92
2.455 10.37 54.92
2.453 10.38 54.92
2.452 10.39 54.92
2.45 10.39 54.92
2.447 10.41 54.92
2.445 10.41 54.92
2.442 10.43 54.92
2.437 10.45 54.91
2.434 10.46 54.92
2.432 10.47 54.92
2.429 10.49 54.92
2.424 10.49 54.91
2.423 10.51 54.92
2.422 10.51 54.91
2.422 10.51 54.91
2.417 10.52 54.91
2.414 10.54 54.91
2.411 10.55 54.91
2.408 10.58 54.91
2.407 10.57 54.91
2.406 10.58 54.91
2.404 10.59 54.91
2.4 10.61 54.91
2.399 10.61 54.91
2.398 10.62 54.91
2.396 10.63 54.91
2.394 10.65 54.91
2.392 10.65 54.91
2.39 10.65 54.91
2.388 10.67 54.91
2.386 10.68 54.91
2.385 10.69 54.91
2.385 10.7 54.91
2.385 10.7 54.91
2.383 10.71 54.91
2.381 10.72 54.91
2.38 10.72 54.91
2.379 10.73 54.91
2.378 10.73 54.91
2.377 10.74 54.91
2.376 10.74 54.91
2.372 10.74 54.91
2.371 10.75 54.91
2.371 10.76 54.91
2.371 10.76 54.91
2.369 10.76 54.91
2.368 10.78 54.91
2.368 10.78 54.91
2.366 10.79 54.91
2.364 10.8 54.91
2.363 10.8 54.91
2.36 10.81 54.91
2.358 10.83 54.91
2.356 10.84 54.91
2.354 10.85 54.91
2.352 10.86 54.91
2.349 10.86 54.91
2.348 10.88 54.91
2.347 10.88 54.91
2.345 10.89 54.91
2.341 10.9 54.91
2.338 10.92 54.91
2.336 10.93 54.91
2.334 10.94 54.91
2.332 10.95 54.91
2.331 10.95 54.91
2.328 10.97 54.91
2.326 10.98 54.91
2.324 10.99 54.91
2.321 11.01 54.91
2.32 11.01 54.91
2.318 11.03 54.91
2.312 11.05 54.91
2.309 11.06 54.91
2.308 11.08 54.91
2.305 11.09 54.91
2.303 11.11 54.91
2.303 11.12 54.91
2.302 11.12 54.91
2.3 11.13 54.91
2.298 11.15 54.91
2.296 11.15 54.91
2.294 11.16 54.91
2.291 11.18 54.91
2.288 11.19 54.91
2.285 11.2 54.91
2.284 11.21 54.91
2.282 11.22 54.91
2.28 11.23 54.91
2.278 11.25 54.91
2.275 11.25 54.91
2.273 11.26 54.91
2.272 11.27 54.91
2.271 11.27 54.91
2.268 11.29 54.91
2.267 11.3 54.91
2.267 11.3 54.91
2.266 11.3 54.9
2.265 11.31 54.9
2.264 11.31 54.9
2.262 11.33 54.9
2.259 11.35 54.9
2.258 11.35 54.9
2.256 11.36 54.9
2.253 11.37 54.9
2.25 11.39 54.9
2.248 11.4 54.9
2.248 11.39 54.9
2.245 11.41 54.9
2.241 11.43 54.9
2.239 11.45 54.9
2.238 11.44 54.9
2.236 11.45 54.9
2.234 11.47 54.9
2.23 11.49 54.9
2.225 11.51 54.9
2.221 11.53 54.9
2.219 11.54 54.9
2.217 11.56 54.9
2.214 11.57 54.9
2.212 11.59 54.9
2.211 11.6 54.9
2.211 11.6 54.9
2.209 11.61 54.9
2.206 11.62 54.9
2.203 11.64 54.9
2.2 11.65 54.9
2.199 11.66 54.9
2.198 11.66 54.9
2.198 11.67 54.89
2.197 11.68 54.9
2.193 11.7 54.89
2.188 11.72 54.89
2.185 11.75 54.9
2.182 11.76 54.89
2.182 11.76 54.89
2.182 11.76 54.89
2.181 11.77 54.89
2.179 11.78 54.89
2.178 11.78 54.89
2.177 11.79 54.89
2.175 11.8 54.89
2.173 11.82 54.89
2.172 11.83 54.89
2.17 11.84 54.89
2.167 11.85 54.89
2.164 11.86 54.89
2.161 11.87 54.89
2.157 11.9 54.89
2.155 11.9 54.89
2.155 11.91 54.89
2.155 11.91 54.89
2.154 11.91 54.89
2.152 11.92 54.89
2.151 11.95 54.89
2.149 11.95 54.89
2.148 11.96 54.89
2.147 11.96 54.89
2.144 11.98 54.89
2.142 12 54.89
2.14 12.01 54.89
2.14 12.01 54.89
2.137 12.02 54.89
2.135 12.04 54.89
2.133 12.04 54.89
2.131 12.06 54.88
2.129 12.06 54.88
2.127 12.08 54.88
2.127 12.08 54.88
2.126 12.08 54.88
2.126 12.09 54.88
2.126 12.1 54.88
2.125 12.1 54.88
2.124 12.11 54.88
2.123 12.12 54.88
2.121 12.13 54.88
2.119 12.14 54.88
2.118 12.16 54.88
2.116 12.17 54.88
2.115 12.17 54.88
2.115 12.17 54.88
2.115 12.17 54.88
2.114 12.17 54.88
2.112 12.17 54.88
2.112 12.18 54.88
2.111 12.19 54.88
2.109 12.21 54.88
2.107 12.21 54.88
2.107 12.21 54.88
2.106 12.22 54.88
2.105 12.23 54.88
2.105 12.23 54.88
2.105 12.23 54.88
2.103 12.25 54.88
2.1 12.27 54.88
2.1 12.28 54.88
2.1 12.27 54.88
2.099 12.27 54.88
2.099 12.28 54.88
2.098 12.28 54.88
2.096 12.28 54.88
2.093 12.31 54.88
2.092 12.32 54.88
2.091 12.32 54.88
2.089 12.33 54.87
2.087 12.35 54.87
2.084 12.36 54.87
2.082 12.38 54.87
2.079 12.39 54.87
2.077 12.4 54.87
2.076 12.41 54.87
2.075 12.42 54.87
2.071 12.43 54.87
2.068 12.46 54.87
2.068 12.47 54.87
2.067 12.48 54.87
2.067 12.48 54.87
2.066 12.48 54.87
2.064 12.49 54.87
2.063 12.5 54.87
2.062 12.5 54.87
2.06 12.52 54.87
2.058 12.54 54.87
2.056 12.55 54.87
2.055 12.56 54.87
2.052 12.58 54.87
2.051 12.59 54.87
2.049 12.6 54.87
2.048 12.61 54.87
2.047 12.61 54.87
2.047 12.61 54.87
2.044 12.63 54.87
2.041 12.65 54.87
2.039 12.66 54.87
2.038 12.67 54.87
2.037 12.67 54.87
2.037 12.69 54.87
2.036 12.69 54.87
2.037 12.69 54.87
2.037 12.69 54.87
2.037 12.69 54.87
2.037 12.69 54.87
2.037 12.69 54.87
2.037 12.69 54.87
2.037 12.69 54.87
2.037 12.7 54.87
2.037 12.7 54.87
2.037 12.7 54.87
2.036 12.7 54.87
2.033 12.7 54.87
2.031 12.72 54.87
2.03 12.73 54.87
2.028 12.75 54.87
2.026 12.76 54.87
2.024 12.77 54.87
2.021 12.79 54.87
2.018 12.81 54.87
2.017 12.81 54.87
2.017 12.81 54.87
2.015 12.83 54.87
2.015 12.84 54.87
2.014 12.85 54.87
2.012 12.85 54.87
2.012 12.85 54.87
2.011 12.85 54.87
2.01 12.86 54.87
2.007 12.88 54.87
2.003 12.9 54.87
2 12.93 54.87
1.995 12.96 54.87
1.992 12.98 54.87
1.99 12.98 54.87
1.989 13 54.87
1.988 13.01 54.87
1.986 13.02 54.87
1.985 13.02 54.86
1.985 13.03 54.86
1.983 13.04 54.86
1.982 13.06 54.86
1.981 13.06 54.86
1.978 13.07 54.86
1.975 13.1 54.86
1.973 13.11 54.86
1.972 13.11 54.86
1.971 13.13 54.86
1.97 13.14 54.86
1.97 13.14 54.86
1.968 13.16 54.86
1.966 13.17 54.86
1.964 13.18 54.86
1.963 13.18 54.86
1.963 13.18 54.86
1.963 13.19 54.86
1.962 13.2 54.86
1.961 13.21 54.86
1.96 13.21 54.86
1.959 13.22 54.86
1.958 13.23 54.86
1.957 13.24 54.86
1.956 13.25 54.86
1.955 13.26 54.86
1.955 13.26 54.86
1.953 13.26 54.86
1.951 13.27 54.86
1.949 13.3 54.86
1.948 13.31 54.86
1.946 13.32 54.86
1.943 13.33 54.86
1.941 13.35 54.86
1.938 13.36 54.86
1.936 13.38 54.86
1.934 13.4 54.86
1.932 13.41 54.86
1.93 13.42 54.86
1.927 13.44 54.85
1.926 13.46 54.85
1.925 13.46 54.85
1.924 13.47 54.85
1.923 13.47 54.85
1.921 13.49 54.85
1.919 13.51 54.85
1.917 13.52 54.85
1.917 13.52 54.85
1.915 13.53 54.85
1.915 13.53 54.85
1.914 13.54 54.85
1.912 13.56 54.85
1.911 13.57 54.85
1.91 13.58 54.85
1.908 13.59 54.85
1.906 13.6 54.85
1.904 13.62 54.85
1.9 13.65 54.85
1.899 13.66 54.85
1.897 13.68 54.85
1.895 13.69 54.85
1.895 13.7 54.85
1.894 13.7 54.85
1.893 13.71 54.85
1.893 13.72 54.85
1.893 13.72 54.85
1.893 13.72 54.85
1.893 13.72 54.85
1.893 13.73 54.85
1.891 13.73 54.85
1.889 13.75 54.85
1.888 13.76 54.85
1.888 13.77 54.85
1.888 13.76 54.85
1.888 13.76 54.85
1.886 13.78 54.85
1.882 13.81 54.85
1.88 13.83 54.85
1.877 13.84 54.85
1.877 13.85 54.85
1.877 13.85 54.85
1.876 13.87 54.85
1.872 13.89 54.85
1.87 13.9 54.85
1.87 13.9 54.85
1.869 13.91 54.84
1.868 13.91 54.84
1.867 13.93 54.84
1.865 13.94 54.84
1.864 13.95 54.84
1.862 13.96 54.84
1.86 13.97 54.84
1.858 13.99 54.84
1.856 14 54.84
1.855 14.01 54.84
1.854 14.02 54.84
1.853 14.04 54.84
1.851 14.05 54.84
1.849 14.06 54.84
1.849 14.07 54.84
1.847 14.08 54.84
1.846 14.09 54.84
1.845 14.09 54.84
1.845 14.1 54.84
1.844 14.1 54.84
1.843 14.12 54.84
1.843 14.12 54.84
1.843 14.12 54.84
1.843 14.12 54.84
1.843 14.12 54.84
1.842 14.13 54.84
1.84 14.15 54.84
1.839 14.15 54.84
1.839 14.15 54.84
1.839 14.15 54.84
1.839 14.15 54.84
1.839 14.15 54.84
1.839 14.16 54.84
1.838 14.16 54.84
1.836 14.19 54.84
1.832 14.21 54.84
1.83 14.23 54.84
1.83 14.23 54.84
1.829 14.24 54.84
1.828 14.25 54.84
1.827 14.25 54.84
1.826 14.26 54.84
1.823 14.28 54.84
1.822 14.29 54.84
1.821 14.3 54.84
1.819 14.32 54.84
1.818 14.33 54.84
1.817 14.33 54.84
1.816 14.34 54.84
1.814 14.35 54.84
1.813 14.35 54.84
1.812 14.36 54.84
1.81 14.39 54.84
1.808 14.4 54.84
1.807 14.41 54.84
1.806 14.43 54.84
1.804 14.44 54.84
1.802 14.46 54.84
1.8 14.47 54.84
1.797 14.5 54.84
1.795 14.52 54.84
1.793 14.54 54.84
1.791 14.55 54.84
1.79 14.55 54.84
1.789 14.56 54.84
1.788 14.58 54.84
1.786 14.6 54.84
1.785 14.61 54.84
1.784 14.61 54.84
1.784 14.61 54.84
1.783 14.62 54.84
1.782 14.63 54.84
1.782 14.64 54.84
1.781 14.65 54.84
1.781 14.65 54.84
1.781 14.65 54.83
1.78 14.65 54.83
1.779 14.66 54.83
1.779 14.66 54.83
1.779 14.66 54.83
1.779 14.66 54.83
1.779 14.67 54.83
1.778 14.68 54.83
1.777 14.69 54.83
1.777 14.69 54.83
1.776 14.7 54.83
1.776 14.71 54.83
1.775 14.7 54.83
1.775 14.71 54.83
1.775 14.72 54.83
1.774 14.72 54.83
1.772 14.75 54.83
1.771 14.75 54.83
1.77 14.76 54.83
1.769 14.76 54.83
1.768 14.77 54.83
1.766 14.78 54.83
1.764 14.81 54.83
1.763 14.81 54.83
1.763 14.81 54.83
1.763 14.81 54.83
1.761 14.83 54.83
1.758 14.86 54.83
1.756 14.87 54.83
1.754 14.89 54.83
1.753 14.9 54.82
1.752 14.9 54.83
1.752 14.9 54.82
1.752 14.91 54.82
1.751 14.91 54.82
1.75 14.92 54.82
1.75 14.93 54.82
1.749 14.94 54.82
1.749 14.94 54.82
1.749 14.94 54.82
1.748 14.94 54.82
1.747 14.95 54.82
1.745 14.96 54.82
1.744 14.98 54.82
1.743 14.99 54.82
1.741 15 54.82
1.74 15 54.82
1.739 15.01 54.82
1.739 15.01 54.82
1.738 15.02 54.82
1.736 15.04 54.82
1.735 15.04 54.82
1.734 15.04 54.82
1.734 15.05 54.82
1.733 15.07 54.82
1.731 15.08 54.82
1.731 15.09 54.82
1.73 15.09 54.82
1.73 15.09 54.82
1.73 15.1 54.82
1.729 15.11 54.82
1.728 15.12 54.82
1.726 15.13 54.82
1.724 15.15 54.82
1.722 15.16 54.82
1.721 15.18 54.82
1.721 15.18 54.82
1.718 15.2 54.82
1.714 15.24 54.82
1.713 15.25 54.82
1.711 15.27 54.82
1.71 15.28 54.82
1.707 15.32 54.82
1.704 15.35 54.82
1.702 15.36 54.81
1.7 15.37 54.82
1.7 15.38 54.81
1.7 15.38 54.81
1.7 15.38 54.81
1.698 15.4 54.81
1.696 15.41 54.81
1.694 15.42 54.81
1.692 15.43 54.81
1.692 15.44 54.81
1.691 15.44 54.81
1.689 15.45 54.81
1.688 15.46 54.81
1.688 15.47 54.81
1.688 15.47 54.81
1.688 15.47 54.81
1.686 15.49 54.81
1.684 15.5 54.81
1.684 15.5 54.81
1.683 15.51 54.81
1.681 15.53 54.81
1.68 15.54 54.81
1.679 15.54 54.81
1.679 15.54 54.81
1.68 15.54 54.81
1.68 15.54 54.81
1.68 15.55 54.81
1.678 15.56 54.81
1.675 15.59 54.81
1.672 15.62 54.81
1.669 15.64 54.81
1.668 15.66 54.81
1.667 15.67 54.81
1.666 15.67 54.81
1.665 15.68 54.81
1.664 15.7 54.81
1.663 15.71 54.81
1.663 15.72 54.81
1.663 15.72 54.81
1.663 15.72 54.81
1.663 15.72 54.81
1.662 15.74 54.81
1.66 15.75 54.81
1.66 15.75 54.81
1.659 15.77 54.81
1.658 15.79 54.81
1.657 15.8 54.81
1.656 15.81 54.81
1.654 15.84 54.81
1.652 15.85 54.81
1.65 15.86 54.81
1.649 15.87 54.81
1.647 15.87 54.81
1.646 15.89 54.81
1.644 15.9 54.81
1.642 15.92 54.81
1.64 15.94 54.81
1.639 15.95 54.81
1.638 15.96 54.81
1.637 15.97 54.81
1.636 15.98 54.81
1.635 15.99 54.81
1.635 15.99 54.81
1.634 15.99 54.81
1.634 15.99 54.81
1.634 16 54.81
1.633 16.02 54.81
1.633 16.03 54.81
1.632 16.03 54.81
1.632 16.04 54.81
1.632 16.04 54.81
1.631 16.05 54.81
1.63 16.06 54.81
1.629 16.07 54.81
1.628 16.07 54.81
1.628 16.08 54.81
1.627 16.09 54.81
1.625 16.11 54.81
1.624 16.12 54.81
1.623 16.13 54.81
1.622 16.15 54.81
1.621 16.16 54.81
1.621 16.17 54.8
1.621 16.17 54.8
1.62 16.17 54.8
1.62 16.18 54.8
1.62 16.18 54.8
1.62 16.19 54.8
1.62 16.19 54.8
1.619 16.2 54.8
1.618 16.21 54.8
1.617 16.22 54.8
1.617 16.22 54.8
1.616 16.22 54.8
1.616 16.23 54.8
1.614 16.26 54.8
1.613 16.27 54.8
1.613 16.27 54.8
1.612 16.28 54.8
1.612 16.28 54.8
1.61 16.3 54.8
1.609 16.32 54.8
1.607 16.34 54.8
1.605 16.37 54.8
1.603 16.38 54.8
1.602 16.38 54.8
1.602 16.39 54.8
1.601 16.4 54.8
1.6 16.41 54.8
1.598 16.42 54.8
1.597 16.44 54.8
1.597 16.45 54.8
1.596 16.46 54.8
1.595 16.46 54.8
1.595 16.46 54.8
1.595 16.47 54.8
1.594 16.48 54.8
1.593 16.48 54.8
1.593 16.49 54.8
1.593 16.49 54.8
1.592 16.5 54.8
1.592 16.5 54.8
1.591 16.51 54.8
1.591 16.52 54.8
1.59 16.53 54.8
1.589 16.54 54.8
1.588 16.55 54.8
1.588 16.55 54.8
1.587 16.56 54.8
1.587 16.57 54.79
1.586 16.57 54.8
1.586 16.58 54.79
1.585 16.58 54.79
1.584 16.59 54.79
1.584 16.59 54.79
1.584 16.59 54.79
1.583 16.61 54.79
1.582 16.62 54.79
1.581 16.62 54.79
1.581 16.62 54.79
1.58 16.64 54.79
1.579 16.65 54.79
1.576 16.68 54.79
1.574 16.7 54.79
1.572 16.71 54.79
1.57 16.74 54.79
1.569 16.75 54.79
1.568 16.76 54.79
1.567 16.77 54.79
1.567 16.78 54.79
1.565 16.79 54.79
1.563 16.81 54.79
1.562 16.83 54.79
1.561 16.83 54.79
1.559 16.86 54.79
1.557 16.88 54.79
1.556 16.89 54.79
1.556 16.9 54.79
1.556 16.9 54.79
1.554 16.92 54.79
1.553 16.94 54.79
1.551 16.96 54.79
1.551 16.97 54.79
1.55 16.98 54.79
1.549 16.98 54.79
1.549 16.99 54.79
1.548 17 54.79
1.548 17.01 54.79
1.547 17.02 54.79
1.546 17.03 54.79
1.545 17.05 54.79
1.543 17.06 54.79
1.543 17.07 54.79
1.542 17.07 54.79
1.541 17.09 54.79
1.539 17.11 54.79
1.539 17.12 54.79
1.539 17.12 54.79
1.538 17.13 54.79
1.537 17.14 54.79
1.537 17.14 54.79
1.537 17.14 54.79
1.537 17.14 54.79
1.537 17.15 54.78
1.536 17.15 54.79
1.536 17.16 54.78
1.535 17.17 54.78
1.535 17.17 54.78
1.534 17.18 54.78
1.534 17.18 54.78
1.534 17.18 54.78
1.533 17.19 54.78
1.533 17.19 54.78
1.532 17.2 54.78
1.531 17.22 54.78
1.529 17.23 54.78
1.528 17.25 54.78
1.527 17.26 54.78
1.526 17.27 54.78
1.524 17.29 54.78
1.523 17.31 54.78
1.521 17.32 54.78
1.52 17.34 54.78
1.519 17.36 54.78
1.517 17.38 54.78
1.516 17.4 54.78
1.514 17.4 54.78
1.513 17.42 54.78
1.512 17.43 54.78
1.512 17.44 54.78
1.511 17.45 54.78
1.51 17.46 54.78
1.51 17.47 54.78
1.509 17.47 54.78
1.509 17.48 54.78
1.508 17.49 54.78
1.508 17.49 54.78
1.508 17.5 54.78
1.507 17.5 54.78
1.507 17.51 54.78
1.506 17.51 54.78
1.506 17.52 54.78
1.505 17.52 54.78
1.505 17.53 54.78
1.504 17.54 54.78
1.503 17.55 54.78
1.502 17.57 54.78
1.501 17.57 54.78
1.5 17.59 54.78
1.499 17.6 54.78
1.498 17.61 54.78
1.497 17.62 54.78
1.497 17.63 54.78
1.496 17.64 54.78
1.495 17.65 54.78
1.494 17.66 54.78
1.494 17.67 54.78
1.493 17.68 54.78
1.492 17.69 54.78
1.491 17.7 54.78
1.491 17.7 54.78
1.49 17.72 54.78
1.489 17.73 54.78
1.488 17.74 54.78
1.486 17.76 54.78
1.485 17.77 54.78
1.484 17.78 54.78
1.483 17.79 54.78
1.482 17.81 54.78
1.481 17.82 54.78
1.48 17.84 54.78
1.479 17.85 54.78
1.479 17.85 54.78
1.478 17.86 54.78
1.477 17.88 54.78
1.476 17.88 54.78
1.475 17.89 54.78
1.474 17.9 54.78
1.474 17.91 54.78
1.473 17.92 54.78
1.472 17.93 54.78
1.472 17.94 54.78
1.471 17.95 54.78
1.47 17.96 54.78
1.47 17.97 54.78
1.469 17.97 54.78
1.469 17.98 54.78
1.468 17.99 54.78
1.468 17.99 54.78
1.467 18 54.78
1.466 18.01 54.78
1.465 18.03 54.78
1.464 18.04 54.78
1.463 18.05 54.78
1.462 18.06 54.78
1.461 18.07 54.78
1.46 18.08 54.78
1.459 18.1 54.78
1.458 18.12 54.77
1.457 18.12 54.77
1.456 18.14 54.78
1.455 18.14 54.78
1.455 18.15 54.77
1.455 18.16 54.78
1.454 18.17 54.77
1.454 18.18 54.77
1.453 18.19 54.77
1.452 18.2 54.77
1.452 18.21 54.77
1.451 18.22 54.77
1.45 18.23 54.77
1.449 18.24 54.77
1.448 18.26 54.77
1.446 18.27 54.77
1.445 18.3 54.77
1.443 18.31 54.77
1.442 18.33 54.77
1.441 18.34 54.77
1.441 18.34 54.77
1.44 18.35 54.77
1.44 18.35 54.77
1.44 18.36 54.77
1.44 18.36 54.77
1.44 18.36 54.77
1.44 18.37 54.77
1.439 18.37 54.77
1.438 18.38 54.77
1.438 18.39 54.77
1.438 18.39 54.77
1.437 18.4 54.77
1.437 18.4 54.77
1.437 18.4 54.77
1.436 18.41 54.77
1.435 18.42 54.77
1.435 18.43 54.77
1.434 18.43 54.77
1.434 18.44 54.77
1.433 18.45 54.77
1.433 18.45 54.77
1.432 18.46 54.77
1.432 18.47 54.77
1.431 18.48 54.77
1.43 18.49 54.77
1.429 18.5 54.77
1.427 18.53 54.77
1.426 18.54 54.77
1.424 18.56 54.76
1.423 18.58 54.76
1.422 18.59 54.76
1.421 18.6 54.76
1.421 18.62 54.76
1.42 18.62 54.76
1.419 18.63 54.76
1.419 18.63 54.76
1.419 18.64 54.76
1.419 18.65 54.76
1.419 18.65 54.76
1.418 18.65 54.76
1.418 18.66 54.76
1.417 18.67 54.76
1.416 18.68 54.76
1.416 18.69 54.76
1.415 18.7 54.76
1.414 18.71 54.76
1.413 18.72 54.76
1.412 18.73 54.76
1.411 18.74 54.76
1.41 18.76 54.76
1.409 18.78 54.76
1.407 18.8 54.76
1.407 18.81 54.76
1.406 18.82 54.76
1.406 18.83 54.76
1.405 18.84 54.76
1.404 18.85 54.76
1.404 18.85 54.76
1.404 18.86 54.76
1.403 18.87 54.76
1.402 18.88 54.76
1.401 18.89 54.76
1.4 18.91 54.76
1.399 18.92 54.76
1.399 18.93 54.76
1.398 18.95 54.76
1.397 18.96 54.76
1.395 18.97 54.76
1.395 18.98 54.76
1.394 18.99 54.76
1.393 19.01 54.76
1.392 19.01 54.76
1.391 19.02 54.76
1.391 19.04 54.76
1.39 19.05 54.76
1.389 19.06 54.76
1.389 19.07 54.76
1.388 19.09 54.75
1.387 19.1 54.75
1.386 19.1 54.75
1.385 19.11 54.75
1.385 19.12 54.75
1.384 19.14 54.75
1.383 19.15 54.75
1.383 19.15 54.75
1.383 19.16 54.75
1.382 19.16 54.75
1.382 19.17 54.75
1.381 19.18 54.75
1.381 19.19 54.75
1.38 19.2 54.75
1.379 19.21 54.75
1.379 19.21 54.75
1.378 19.22 54.75
1.378 19.23 54.75
1.377 19.24 54.75
1.377 19.24 54.75
1.377 19.25 54.75
1.377 19.25 54.75
1.376 19.26 54.75
1.376 19.27 54.75
1.376 19.27 54.75
1.375 19.28 54.75
1.375 19.29 54.75
1.374 19.29 54.75
1.374 19.3 54.75
1.373 19.3 54.75
1.373 19.31 54.75
1.373 19.32 54.75
1.372 19.33 54.75
1.372 19.33 54.75
1.372 19.33 54.75
1.371 19.34 54.75
1.371 19.35 54.75
1.371 19.35 54.75
1.37 19.36 54.75
1.37 19.37 54.75
1.369 19.37 54.75
1.369 19.38 54.75
1.368 19.39 54.75
1.367 19.4 54.75
1.367 19.41 54.75
1.366 19.41 54.75
1.365 19.42 54.75
1.364 19.44 54.75
1.363 19.45 54.75
1.362 19.46 54.75
1.362 19.48 54.75
1.361 19.49 54.75
1.36 19.5 54.75
1.359 19.51 54.75
1.359 19.51 54.75
1.358 19.53 54.75
1.358 19.54 54.75
1.357 19.54 54.75
1.356 19.56 54.75
1.356 19.57 54.75
1.355 19.58 54.75
1.355 19.59 54.75
1.354 19.6 54.75
1.353 19.61 54.75
1.353 19.62 54.75
1.352 19.64 54.75
1.35 19.65 54.75
1.35 19.66 54.75
1.349 19.68 54.75
1.348 19.69 54.75
1.347 19.69 54.75
1.347 19.7 54.75
1.346 19.72 54.75
1.345 19.73 54.75
1.345 19.74 54.75
1.344 19.74 54.75
1.344 19.75 54.75
1.344 19.75 54.75
1.344 19.76 54.75
1.343 19.76 54.75
1.343 19.77 54.75
1.342 19.78 54.75
1.342 19.79 54.75
1.342 19.79 54.75
1.341 19.8 54.75
1.34 19.81 54.75
1.34 19.82 54.75
1.339 19.83 54.75
1.339 19.83 54.75
1.338 19.84 54.75
1.338 19.85 54.75
1.337 19.86 54.75
1.336 19.87 54.75
1.336 19.88 54.75
1.335 19.89 54.74
1.335 19.9 54.74
1.334 19.91 54.74
1.334 19.91 54.74
1.333 19.92 54.74
1.332 19.94 54.74
1.331 19.96 54.74
1.33 19.97 54.74
1.329 19.98 54.74
1.328 19.99 54.74
1.328 19.99 54.74
1.328 20 54.74
1.328 20 54.74
1.327 20.01 54.74
1.327 20.01 54.74
1.326 20.02 54.74
1.326 20.03 54.74
1.325 20.04 54.74
1.325 20.04 54.74
1.324 20.05 54.74
1.324 20.06 54.74
1.323 20.08 54.74
1.321 20.1 54.74
1.32 20.12 54.74
1.32 20.13 54.74
1.319 20.14 54.74
1.318 20.16 54.74
1.317 20.17 54.74
1.316 20.19 54.74
1.315 20.21 54.74
1.313 20.24 54.74
1.312 20.26 54.74
1.309 20.29 54.74
1.308 20.32 54.74
1.307 20.34 54.74
1.306 20.35 54.74
1.305 20.36 54.74
1.304 20.38 54.74
1.303 20.4 54.74
1.301 20.43 54.74
1.3 20.45 54.74
1.299 20.46 54.74
1.298 20.47 54.74
1.298 20.48 54.74
1.298 20.49 54.74
1.298 20.49 54.74
1.298 20.49 54.74
1.298 20.5 54.74
1.298 20.5 54.74
1.298 20.5 54.73
1.298 20.5 54.74
1.298 20.51 54.74
1.297 20.51 54.74
1.297 20.51 54.74
1.297 20.51 54.74
1.297 20.52 54.74
1.296 20.52 54.74
1.296 20.53 54.74
1.296 20.54 54.73
1.296 20.54 54.73
1.295 20.55 54.73
1.295 20.55 54.73
1.295 20.56 54.73
1.294 20.56 54.73
1.294 20.57 54.73
1.293 20.58 54.73
1.293 20.59 54.73
1.292 20.59 54.73
1.292 20.6 54.73
1.292 20.6 54.73
1.291 20.62 54.73
1.291 20.63 54.73
1.29 20.63 54.73
1.29 20.64 54.73
1.29 20.64 54.73
1.29 20.65 54.73
1.29 20.65 54.73
1.289 20.65 54.73
1.289 20.65 54.73
1.289 20.66 54.73
1.288 20.67 54.73
1.288 20.67 54.73
1.287 20.69 54.73
1.286 20.7 54.73
1.286 20.71 54.73
1.285 20.73 54.73
1.284 20.74 54.73
1.283 20.75 54.73
1.283 20.76 54.73
1.282 20.77 54.73
1.282 20.77 54.73
1.281 20.78 54.73
1.281 20.79 54.73
1.281 20.8 54.73
1.28 20.81 54.73
1.28 20.81 54.73
1.279 20.82 54.73
1.279 20.83 54.73
1.278 20.84 54.73
1.277 20.85 54.73
1.277 20.86 54.73
1.276 20.87 54.73
1.276 20.87 54.73
1.275 20.88 54.73
1.275 20.89 54.73
1.274 20.9 54.73
1.274 20.91 54.73
1.274 20.92 54.73
1.273 20.93 54.73
1.273 20.93 54.73
1.272 20.94 54.73
1.272 20.94 54.73
1.272 20.95 54.73
1.271 20.96 54.72
1.271 20.96 54.72
1.271 20.97 54.72
1.271 20.98 54.72
1.27 20.98 54.72
1.27 20.99 54.72
1.269 21 54.72
1.269 21.01 54.72
1.268 21.02 54.72
1.267 21.03 54.72
1.266 21.04 54.72
1.266 21.05 54.72
1.265 21.06 54.72
1.265 21.07 54.72
1.264 21.09 54.72
1.263 21.1 54.72
1.262 21.12 54.72
1.261 21.14 54.72
1.26 21.15 54.72
1.259 21.17 54.72
1.259 21.18 54.72
1.258 21.19 54.72
1.257 21.2 54.72
1.257 21.21 54.72
1.257 21.22 54.72
1.256 21.24 54.72
1.255 21.25 54.72
1.255 21.25 54.72
1.254 21.26 54.72
1.254 21.27 54.72
1.253 21.28 54.72
1.252 21.3 54.72
1.251 21.31 54.72
1.25 21.34 54.72
1.249 21.35 54.72
1.249 21.36 54.72
1.248 21.37 54.72
1.248 21.37 54.72
1.247 21.38 54.72
1.247 21.38 54.72
1.247 21.39 54.72
1.247 21.4 54.72
1.246 21.41 54.72
1.246 21.42 54.72
1.245 21.42 54.72
1.245 21.43 54.72
1.245 21.43 54.72
1.245 21.43 54.72
1.245 21.43 54.72
1.245 21.43 54.72
1.245 21.44 54.72
1.244 21.45 54.72
1.244 21.45 54.72
1.243 21.46 54.72
1.243 21.47 54.72
1.242 21.48 54.72
1.242 21.49 54.72
1.242 21.49 54.72
1.241 21.5 54.72
1.241 21.5 54.72
1.241 21.51 54.72
1.241 21.52 54.72
1.24 21.52 54.72
1.24 21.53 54.72
1.239 21.54 54.72
1.238 21.56 54.72
1.237 21.57 54.72
1.236 21.59 54.72
1.235 21.6 54.72
1.235 21.61 54.72
1.234 21.63 54.72
1.234 21.64 54.72
1.233 21.65 54.72
1.232 21.66 54.72
1.232 21.67 54.72
1.231 21.68 54.72
1.231 21.7 54.72
1.23 21.7 54.72
1.23 21.71 54.72
1.23 21.72 54.72
1.229 21.72 54.72
1.229 21.73 54.72
1.229 21.73 54.72
1.229 21.74 54.72
1.228 21.74 54.72
1.228 21.75 54.72
1.227 21.76 54.72
1.227 21.77 54.72
1.226 21.79 54.72
1.225 21.8 54.72
1.225 21.81 54.72
1.224 21.82 54.72
1.224 21.83 54.72
1.224 21.84 54.72
1.224 21.84 54.72
1.223 21.84 54.71
1.223 21.84 54.71
1.223 21.85 54.71
1.223 21.85 54.72
1.222 21.86 54.71
1.222 21.87 54.71
1.221 21.88 54.71
1.221 21.89 54.71
1.22 21.9 54.71
1.22 21.91 54.71
1.22 21.92 54.71
1.219 21.94 54.71
1.218 21.95 54.71
1.218 21.95 54.71
1.217 21.96 54.71
1.217 21.97 54.71
1.217 21.98 54.71
1.216 21.98 54.71
1.216 21.99 54.71
1.215 22 54.71
1.215 22.01 54.71
1.215 22.01 54.71
1.214 22.02 54.71
1.213 22.03 54.71
1.213 22.05 54.71
1.212 22.07 54.71
1.211 22.08 54.71
1.21 22.1 54.71
1.209 22.11 54.71
1.209 22.11 54.71
1.208 22.12 54.71
1.208 22.12 54.71
1.208 22.13 54.71
1.208 22.13 54.7
1.208 22.14 54.71
1.208 22.14 54.7
1.208 22.14 54.7
1.208 22.15 54.7
1.207 22.16 54.7
1.207 22.17 54.7
1.206 22.17 54.7
1.206 22.18 54.7
1.206 22.19 54.7
